0.01 -4.60517
0.02 -3.91202
0.03 -3.50656
0.04 -3.21888
0.05 -2.99573
0.06 -2.81341
0.07 -2.65926
0.08 -2.52573
0.09 -2.40795
0.1 -2.30259
0.11 -2.20727
0.12 -2.12026
0.13 -2.04022
0.14 -1.96611
0.15 -1.89712
0.16 -1.83258
0.17 -1.77196
0.18 -1.7148
0.19 -1.66073
0.2 -1.60944
0.21 -1.56065
0.22 -1.51413
0.23 -1.46968
0.24 -1.42712
0.25 -1.38629
0.26 -1.34707
0.27 -1.30933
0.28 -1.27297
0.29 -1.23787
0.3 -1.20397
0.31 -1.17118
0.32 -1.13943
0.33 -1.10866
0.34 -1.07881
0.35 -1.04982
0.36 -1.02165
0.37 -0.994252
0.38 -0.967584
0.39 -0.941609
0.4 -0.916291
0.41 -0.891598
0.42 -0.867501
0.43 -0.84397
0.44 -0.820981
0.45 -0.798508
0.46 -0.776529
0.47 -0.755023
0.48 -0.733969
0.49 -0.71335
0.5 -0.693147
0.51 -0.673345
0.52 -0.653926
0.53 -0.634878
0.54 -0.616186
0.55 -0.597837
0.56 -0.579818
0.57 -0.562119
0.58 -0.544727
0.59 -0.527633
0.6 -0.510826
0.61 -0.494296
0.62 -0.478036
0.63 -0.462035
0.64 -0.446287
0.65 -0.430783
0.66 -0.415515
0.67 -0.400478
0.68 -0.385662
0.69 -0.371064
0.7 -0.356675
0.71 -0.34249
0.72 -0.328504
0.73 -0.314711
0.74 -0.301105
0.75 -0.287682
0.76 -0.274437
0.77 -0.261365
0.78 -0.248461
0.79 -0.235722
0.8 -0.223144
0.81 -0.210721
0.82 -0.198451
0.83 -0.18633
0.84 -0.174353
0.85 -0.162519
0.86 -0.150823
0.87 -0.139262
0.88 -0.127833
0.89 -0.116534
0.9 -0.105361
0.91 -0.0943107
0.92 -0.0833816
0.93 -0.0725707
0.94 -0.0618754
0.95 -0.0512933
0.96 -0.040822
0.97 -0.0304592
0.98 -0.0202027
0.99 -0.0100503
1 -3.9994e-09
1.01 -0.0299364
1.02 -0.0603968
1.03 -0.091199
1.04 -0.122361
1.05 -0.153904
1.06 -0.185851
1.07 -0.218226
1.08 -0.251055
1.09 -0.284365
1.1 -0.318186
1.11 -0.35255
1.12 -0.38749
1.13 -0.423043
1.14 -0.459249
1.15 -0.496149
1.16 -0.533791
1.17 -0.572223
1.18 -0.611501
1.19 -0.651685
1.2 -0.692838
1.21 -0.735034
1.22 -0.778351
1.23 -0.822877
1.24 -0.86871
1.25 -0.915957
1.26 -0.964742
1.27 -1.0152
1.28 -1.06749
1.29 -1.12179
1.3 -1.17829
1.31 -1.23724
1.32 -1.29891
1.33 -1.3636
1.34 -1.43171
1.35 -1.50368
1.36 -1.58004
1.37 -1.66146
1.38 -1.74877
1.39 -1.84299
1.4 -1.94545
1.41 -2.05791
1.42 -2.18275
1.43 -2.32327
1.44 -2.48437
1.45 -2.67358
1.46 -2.90357
1.47 -3.19803
1.48 -3.6102
1.49 -4.30997
1.5 -36.4418
1.51 -4.32333
1.52 -3.63692
1.53 -3.23809
1.54 -2.95698
1.55 -2.74036
1.56 -2.5645
1.57 -2.41676
1.58 -2.2896
1.59 -2.17817
1.6 -2.07908
1.61 -1.99002
1.62 -1.90921
1.63 -1.83534
1.64 -1.76739
1.65 -1.70446
1.66 -1.64597
1.67 -1.59136
1.68 -1.54019
1.69 -1.49207
1.7 -1.44669
1.71 -1.40376
1.72 -1.36307
1.73 -1.32442
1.74 -1.28764
1.75 -1.25255
1.76 -1.21905
1.77 -1.18698
1.78 -1.15624
1.79 -1.12675
1.8 -1.09842
1.81 -1.07118
1.82 -1.04494
1.83 -1.01966
1.84 -0.995263
1.85 -0.971709
1.86 -0.948934
1.87 -0.926889
1.88 -0.905553
1.89 -0.884883
1.9 -0.864844
1.91 -0.845403
1.92 -0.82653
1.93 -0.808199
1.94 -0.790382
1.95 -0.773057
1.96 -0.756203
1.97 -0.739802
1.98 -0.723796
1.99 -0.708211
2 -0.69302
2.01 -0.678204
2.02 -0.66375
2.03 -0.649641
2.04 -0.635865
2.05 -0.622407
2.06 -0.609258
2.07 -0.596404
2.08 -0.583835
2.09 -0.571541
2.1 -0.559513
2.11 -0.547746
2.12 -0.536219
2.13 -0.524913
2.14 -0.513845
2.15 -0.503
2.16 -0.492372
2.17 -0.481953
2.18 -0.471736
2.19 -0.461714
2.2 -0.451881
2.21 -0.442233
2.22 -0.432763
2.23 -0.423465
2.24 -0.414335
2.25 -0.405369
2.26 -0.39656
2.27 -0.387906
2.28 -0.379401
2.29 -0.371043
2.3 -0.362826
2.31 -0.354751
2.32 -0.346815
2.33 -0.338978
2.34 -0.331279
2.35 -0.323706
2.36 -0.316255
2.37 -0.308921
2.38 -0.301702
2.39 -0.294594
2.4 -0.287596
2.41 -0.280704
2.42 -0.273916
2.43 -0.267228
2.44 -0.26064
2.45 -0.254149
2.46 -0.247751
2.47 -0.241446
2.48 -0.235231
2.49 -0.229104
2.5 -0.223063
2.51 -0.217107
2.52 -0.211232
2.53 -0.205438
2.54 -0.199723
2.55 -0.194085
2.56 -0.188523
2.57 -0.183035
2.58 -0.17762
2.59 -0.172277
2.6 -0.167007
2.61 -0.161808
2.62 -0.156648
2.63 -0.151563
2.64 -0.146544
2.65 -0.141589
2.66 -0.136696
2.67 -0.131863
2.68 -0.127089
2.69 -0.122374
2.7 -0.117715
2.71 -0.113112
2.72 -0.108564
2.73 -0.10407
2.74 -0.0996282
2.75 -0.0952385
2.76 -0.0908996
2.77 -0.0866108
2.78 -0.0823711
2.79 -0.0781796
2.8 -0.0740355
2.81 -0.0699381
2.82 -0.0658865
2.83 -0.0618799
2.84 -0.0579176
2.85 -0.0539989
2.86 -0.0501231
2.87 -0.0462893
2.88 -0.0424969
2.89 -0.0387452
2.9 -0.0350336
2.91 -0.0313614
2.92 -0.0277279
2.93 -0.0241327
2.94 -0.020575
2.95 -0.0170546
2.96 -0.0135709
2.97 -0.0101237
2.98 -0.00671329
2.99 -0.00334173
3 -9.13029e-05
3.01 -0.00667983
3.02 -0.01339
3.03 -0.0201403
3.04 -0.0269304
3.05 -0.0337682
3.06 -0.0406172
3.07 -0.0475076
3.08 -0.0544416
3.09 -0.0614178
3.1 -0.0684363
3.11 -0.075498
3.12 -0.0826036
3.13 -0.0897543
3.14 -0.096951
3.15 -0.104195
3.16 -0.111487
3.17 -0.118829
3.18 -0.126222
3.19 -0.133666
3.2 -0.141165
3.21 -0.148718
3.22 -0.156327
3.23 -0.163994
3.24 -0.171721
3.25 -0.179508
3.26 -0.187357
3.27 -0.195271
3.28 -0.20325
3.29 -0.211297
3.3 -0.219413
3.31 -0.2276
3.32 -0.235859
3.33 -0.244192
3.34 -0.252598
3.35 -0.261075
3.36 -0.269534
3.37 -0.278333
3.38 -0.287116
3.39 -0.29598
3.4 -0.304934
3.41 -0.313982
3.42 -0.323127
3.43 -0.332375
3.44 -0.341727
3.45 -0.351189
3.46 -0.360763
3.47 -0.370454
3.48 -0.380266
3.49 -0.390202
3.5 -0.400267
3.51 -0.410466
3.52 -0.420804
3.53 -0.431286
3.54 -0.441917
3.55 -0.452703
3.56 -0.463649
3.57 -0.474763
3.58 -0.48605
3.59 -0.497518
3.6 -0.509174
3.61 -0.521027
3.62 -0.533083
3.63 -0.545354
3.64 -0.557847
3.65 -0.570573
3.66 -0.583543
3.67 -0.596768
3.68 -0.610261
3.69 -0.624035
3.7 -0.638104
3.71 -0.652484
3.72 -0.66719
3.73 -0.682242
3.74 -0.697658
3.75 -0.713459
3.76 -0.729668
3.77 -0.74631
3.78 -0.763413
3.79 -0.781006
3.8 -0.799125
3.81 -0.817811
3.82 -0.837058
3.83 -0.856961
3.84 -0.877558
3.85 -0.898902
3.86 -0.921055
3.87 -0.944086
3.88 -0.968075
3.89 -0.993112
3.9 -1.0193
3.91 -1.04676
3.92 -1.07563
3.93 -1.10607
3.94 -1.13829
3.95 -1.1725
3.96 -1.209
3.97 -1.24811
3.98 -1.29029
3.99 -1.33605
4 -1.38611
4.01 -1.44139
4.02 -1.50316
4.03 -1.57318
4.04 -1.65411
4.05 -1.75008
4.06 -1.86816
4.07 -2.02197
4.08 -2.24359
4.09 -2.64786
4.1 -3.36658
4.11 -2.45603
4.12 -2.15301
4.13 -1.96661
4.14 -1.83183
4.15 -1.72634
4.16 -1.63974
4.17 -1.56634
4.18 -1.50271
4.19 -1.44657
4.2 -1.39638
4.21 -1.35104
4.22 -1.30967
4.23 -1.27168
4.24 -1.23656
4.25 -1.20394
4.26 -1.17348
4.27 -1.14493
4.28 -1.11809
4.29 -1.09272
4.3 -1.06871
4.31 -1.04594
4.32 -1.02427
4.33 -1.00361
4.34 -0.983871
4.35 -0.964957
4.36 -0.946862
4.37 -0.929566
4.38 -0.912908
4.39 -0.896862
4.4 -0.881417
4.41 -0.866482
4.42 -0.852071
4.43 -0.838158
4.44 -0.824659
4.45 -0.811595
4.46 -0.798936
4.47 -0.78666
4.48 -0.774761
4.49 -0.763154
4.5 -0.751885
4.51 -0.740926
4.52 -0.73026
4.53 -0.719873
4.54 -0.709753
4.55 -0.699887
4.56 -0.690278
4.57 -0.680863
4.58 -0.671678
4.59 -0.66271
4.6 -0.653946
4.61 -0.645378
4.62 -0.636998
4.63 -0.6288
4.64 -0.620775
4.65 -0.612918
4.66 -0.605223
4.67 -0.597684
4.68 -0.590296
4.69 -0.583058
4.7 -0.575954
4.71 -0.568968
4.72 -0.56212
4.73 -0.555401
4.74 -0.548804
4.75 -0.542327
4.76 -0.535964
4.77 -0.529713
4.78 -0.52357
4.79 -0.517532
4.8 -0.511595
4.81 -0.505758
4.82 -0.500016
4.83 -0.494367
4.84 -0.488809
4.85 -0.48334
4.86 -0.477956
4.87 -0.472655
4.88 -0.467436
4.89 -0.462297
4.9 -0.457235
4.91 -0.45225
4.92 -0.447343
4.93 -0.442501
4.94 -0.437713
4.95 -0.432999
4.96 -0.428354
4.97 -0.423774
4.98 -0.419257
4.99 -0.414803
5 -0.410409
5.01 -0.406074
5.02 -0.401797
5.03 -0.397576
5.04 -0.39341
5.05 -0.389298
5.06 -0.385239
5.07 -0.381231
5.08 -0.377273
5.09 -0.373365
5.1 -0.369506
5.11 -0.365693
5.12 -0.361927
5.13 -0.358207
5.14 -0.35453
5.15 -0.350898
5.16 -0.347308
5.17 -0.34376
5.18 -0.340253
5.19 -0.336787
5.2 -0.33336
5.21 -0.329972
5.22 -0.326622
5.23 -0.32331
5.24 -0.320034
5.25 -0.316795
5.26 -0.313591
5.27 -0.310422
5.28 -0.307287
5.29 -0.304187
5.3 -0.301123
5.31 -0.298101
5.32 -0.295082
5.33 -0.292098
5.34 -0.289149
5.35 -0.286231
5.36 -0.283343
5.37 -0.280485
5.38 -0.277656
5.39 -0.274855
5.4 -0.272083
5.41 -0.269337
5.42 -0.266619
5.43 -0.263927
5.44 -0.261261
5.45 -0.25862
5.46 -0.256005
5.47 -0.253415
5.48 -0.250849
5.49 -0.248307
5.5 -0.245789
5.51 -0.243294
5.52 -0.240822
5.53 -0.238373
5.54 -0.235946
5.55 -0.233541
5.56 -0.231157
5.57 -0.228795
5.58 -0.226454
5.59 -0.224134
5.6 -0.221834
5.61 -0.219554
5.62 -0.217294
5.63 -0.215054
5.64 -0.212833
5.65 -0.210631
5.66 -0.208447
5.67 -0.206282
5.68 -0.204136
5.69 -0.202007
5.7 -0.199897
5.71 -0.197804
5.72 -0.195728
5.73 -0.193669
5.74 -0.191627
5.75 -0.189602
5.76 -0.187593
5.77 -0.185601
5.78 -0.183624
5.79 -0.181664
5.8 -0.179719
5.81 -0.17779
5.82 -0.175877
5.83 -0.17398
5.84 -0.1721
5.85 -0.170248
5.86 -0.168375
5.87 -0.166524
5.88 -0.164691
5.89 -0.162873
5.9 -0.161069
5.91 -0.15928
5.92 -0.157504
5.93 -0.155741
5.94 -0.153992
5.95 -0.152255
5.96 -0.150532
5.97 -0.148821
5.98 -0.147123
5.99 -0.145437
6 -0.143764
6.01 -0.142103
6.02 -0.140453
6.03 -0.138815
6.04 -0.13719
6.05 -0.135575
6.06 -0.133972
6.07 -0.132381
6.08 -0.1308
6.09 -0.129231
6.1 -0.127673
6.11 -0.126126
6.12 -0.124589
6.13 -0.123063
6.14 -0.121548
6.15 -0.120043
6.16 -0.118549
6.17 -0.117065
6.18 -0.115591
6.19 -0.114128
6.2 -0.112675
6.21 -0.111234
6.22 -0.10981
6.23 -0.108378
6.24 -0.10695
6.25 -0.105536
6.26 -0.104133
6.27 -0.102739
6.28 -0.101355
6.29 -0.0999806
6.3 -0.0986149
6.31 -0.0972582
6.32 -0.0959106
6.33 -0.0945721
6.34 -0.0932427
6.35 -0.0919224
6.36 -0.0906113
6.37 -0.0893097
6.38 -0.0880181
6.39 -0.0867412
6.4 -0.0854568
6.41 -0.0841725
6.42 -0.0829007
6.43 -0.0816385
6.44 -0.0803866
6.45 -0.0791465
6.46 -0.0779208
6.47 -0.0766964
6.48 -0.0754588
6.49 -0.0742452
6.5 -0.0730389
6.51 -0.0718348
6.52 -0.0706217
6.53 -0.0694584
6.54 -0.0682765
6.55 -0.0671453
6.56 -0.0659554
6.57 -0.064798
6.58 -0.0636576
6.59 -0.0625305
6.6 -0.0613956
6.61 -0.0602558
6.62 -0.0591281
6.63 -0.0580097
6.64 -0.0569005
6.65 -0.0557996
6.66 -0.0547063
6.67 -0.0536201
6.68 -0.0525412
6.69 -0.0514713
6.7 -0.0504183
6.71 -0.04933
6.72 -0.0482625
6.73 -0.0472032
6.74 -0.0461506
6.75 -0.0451044
6.76 -0.0440644
6.77 -0.0430307
6.78 -0.0420031
6.79 -0.0409817
6.8 -0.0399664
6.81 -0.0389572
6.82 -0.0379539
6.83 -0.0369564
6.84 -0.0359645
6.85 -0.0349782
6.86 -0.0339973
6.87 -0.0330218
6.88 -0.0320516
6.89 -0.0310867
6.9 -0.0301271
6.91 -0.0291729
6.92 -0.0282244
6.93 -0.0272823
6.94 -0.0263495
6.95 -0.0254185
6.96 -0.0244724
6.97 -0.0235389
6.98 -0.0226121
6.99 -0.0216909
7 -0.0207748
7.01 -0.0198636
7.02 -0.0189572
7.03 -0.0180555
7.04 -0.0171584
7.05 -0.0162659
7.06 -0.0153779
7.07 -0.0144944
7.08 -0.0136153
7.09 -0.0127406
7.1 -0.0118702
7.11 -0.0110041
7.12 -0.0101423
7.13 -0.00928482
7.14 -0.00843158
7.15 -0.00758261
7.16 -0.00673795
7.17 -0.00589767
7.18 -0.00506189
7.19 -0.00423082
7.2 -0.00340475
7.21 -0.00258413
7.22 -0.00176968
7.23 -0.000963194
7.24 -0.000176054
7.25 -0.00114284
7.26 -0.00275991
7.27 -0.00438948
7.28 -0.00602784
7.29 -0.0076741
7.3 -0.00932797
7.31 -0.0109893
7.32 -0.0126582
7.33 -0.0143346
7.34 -0.0160186
7.35 -0.0177103
7.36 -0.0194096
7.37 -0.0211168
7.38 -0.0228319
7.39 -0.024555
7.4 -0.0262862
7.41 -0.0280256
7.42 -0.0297732
7.43 -0.0315293
7.44 -0.0332939
7.45 -0.0350671
7.46 -0.036849
7.47 -0.0386398
7.48 -0.0404396
7.49 -0.0422485
7.5 -0.0440667
7.51 -0.0458944
7.52 -0.0477317
7.53 -0.0495789
7.54 -0.0514364
7.55 -0.0533049
7.56 -0.0551864
7.57 -0.0570928
7.58 -0.0589628
7.59 -0.0608609
7.6 -0.0627719
7.61 -0.0646946
7.62 -0.0666285
7.63 -0.0685738
7.64 -0.0705302
7.65 -0.0724981
7.66 -0.0744774
7.67 -0.0764683
7.68 -0.078471
7.69 -0.0804855
7.7 -0.0825121
7.71 -0.0845509
7.72 -0.0866021
7.73 -0.0886659
7.74 -0.0907425
7.75 -0.0928319
7.76 -0.0949345
7.77 -0.0970504
7.78 -0.0991799
7.79 -0.101323
7.8 -0.10348
7.81 -0.105651
7.82 -0.107837
7.83 -0.110037
7.84 -0.112253
7.85 -0.114483
7.86 -0.116728
7.87 -0.118989
7.88 -0.121266
7.89 -0.123559
7.9 -0.125869
7.91 -0.128195
7.92 -0.130537
7.93 -0.132898
7.94 -0.135275
7.95 -0.13767
7.96 -0.140084
7.97 -0.142516
7.98 -0.144966
7.99 -0.147436
8 -0.149925
8.01 -0.152433
8.02 -0.154962
8.03 -0.157511
8.04 -0.160081
8.05 -0.162673
8.06 -0.165285
8.07 -0.16792
8.08 -0.170577
8.09 -0.173256
8.1 -0.175959
8.11 -0.178684
8.12 -0.181433
8.13 -0.184206
8.14 -0.187002
8.15 -0.189819
8.16 -0.192654
8.17 -0.195473
8.18 -0.198439
8.19 -0.201418
8.2 -0.204409
8.21 -0.207424
8.22 -0.210466
8.23 -0.213538
8.24 -0.21664
8.25 -0.219773
8.26 -0.222939
8.27 -0.226139
8.28 -0.229373
8.29 -0.232643
8.3 -0.235949
8.31 -0.239292
8.32 -0.242674
8.33 -0.246095
8.34 -0.249556
8.35 -0.253058
8.36 -0.256603
8.37 -0.260192
8.38 -0.263826
8.39 -0.267506
8.4 -0.271233
8.41 -0.27501
8.42 -0.278836
8.43 -0.282714
8.44 -0.286646
8.45 -0.290632
8.46 -0.294675
8.47 -0.298776
8.48 -0.302937
8.49 -0.307161
8.5 -0.311448
8.51 -0.315802
8.52 -0.320224
8.53 -0.324717
8.54 -0.329283
8.55 -0.333925
8.56 -0.338646
8.57 -0.343448
8.58 -0.348335
8.59 -0.353309
8.6 -0.358375
8.61 -0.363535
8.62 -0.368793
8.63 -0.374155
8.64 -0.379623
8.65 -0.385203
8.66 -0.390899
8.67 -0.396716
8.68 -0.402661
8.69 -0.408739
8.7 -0.414956
8.71 -0.42132
8.72 -0.427837
8.73 -0.434516
8.74 -0.441365
8.75 -0.448394
8.76 -0.455612
8.77 -0.46303
8.78 -0.470661
8.79 -0.478517
8.8 -0.486612
8.81 -0.494962
8.82 -0.503585
8.83 -0.512499
8.84 -0.521724
8.85 -0.531285
8.86 -0.541207
8.87 -0.55152
8.88 -0.562256
8.89 -0.573453
8.9 -0.585152
8.91 -0.597403
8.92 -0.610261
8.93 -0.62379
8.94 -0.638066
8.95 -0.653179
8.96 -0.669233
8.97 -0.686357
8.98 -0.704706
8.99 -0.724471
9 -0.745893
9.01 -0.76928
9.02 -0.795032
9.03 -0.823689
9.04 -0.855999
9.05 -0.89304
9.06 -0.936454
9.07 -0.988918
9.08 -1.05526
9.09 -1.14564
9.1 -1.28824
9.11 -1.65314
9.12 -1.44509
9.13 -1.22288
9.14 -1.1073
9.15 -1.0287
9.16 -0.969107
9.17 -0.921054
9.18 -0.880846
9.19 -0.846278
9.2 -0.815966
9.21 -0.788982
9.22 -0.764671
9.23 -0.742556
9.24 -0.722275
9.25 -0.703552
9.26 -0.686186
9.27 -0.669926
9.28 -0.654702
9.29 -0.640379
9.3 -0.626856
9.31 -0.61405
9.32 -0.60189
9.33 -0.590313
9.34 -0.579269
9.35 -0.56871
9.36 -0.558596
9.37 -0.548893
9.38 -0.539568
9.39 -0.530595
9.4 -0.521947
9.41 -0.513603
9.42 -0.505542
9.43 -0.497747
9.44 -0.4902
9.45 -0.482888
9.46 -0.475795
9.47 -0.46891
9.48 -0.462222
9.49 -0.455718
9.5 -0.449391
9.51 -0.443231
9.52 -0.43723
9.53 -0.43138
9.54 -0.425674
9.55 -0.420106
9.56 -0.414672
9.57 -0.409393
9.58 -0.404159
9.59 -0.39907
9.6 -0.394094
9.61 -0.389224
9.62 -0.384455
9.63 -0.379784
9.64 -0.375207
9.65 -0.37072
9.66 -0.36632
9.67 -0.362003
9.68 -0.357766
9.69 -0.353607
9.7 -0.349524
9.71 -0.345512
9.72 -0.341571
9.73 -0.337697
9.74 -0.333889
9.75 -0.330144
9.76 -0.326461
9.77 -0.322837
9.78 -0.319271
9.79 -0.315762
9.8 -0.312306
9.81 -0.308903
9.82 -0.305552
9.83 -0.302251
9.84 -0.298998
9.85 -0.295792
9.86 -0.292632
9.87 -0.289516
9.88 -0.286444
9.89 -0.283415
9.9 -0.280426
9.91 -0.277478
9.92 -0.27457
9.93 -0.271699
9.94 -0.268866
9.95 -0.266069
9.96 -0.263307
9.97 -0.260581
9.98 -0.257888
9.99 -0.255229
10 -0.252602
10.01 -0.250007
10.02 -0.247444
10.03 -0.24491
10.04 -0.242408
10.05 -0.239936
10.06 -0.237497
10.07 -0.235078
10.08 -0.232672
10.09 -0.2303
10.1 -0.227955
10.11 -0.225637
10.12 -0.223344
10.13 -0.221076
10.14 -0.218832
10.15 -0.216611
10.16 -0.214415
10.17 -0.21224
10.18 -0.210088
10.19 -0.207959
10.2 -0.20585
10.21 -0.203763
10.22 -0.201696
10.23 -0.199649
10.24 -0.197623
10.25 -0.195616
10.26 -0.193628
10.27 -0.19166
10.28 -0.18971
10.29 -0.187778
10.3 -0.185865
10.31 -0.18397
10.32 -0.182092
10.33 -0.180232
10.34 -0.178391
10.35 -0.176571
10.36 -0.174761
10.37 -0.172951
10.38 -0.171163
10.39 -0.169393
10.4 -0.167639
10.41 -0.165901
10.42 -0.164177
10.43 -0.162469
10.44 -0.160775
10.45 -0.159096
10.46 -0.157431
10.47 -0.15578
10.48 -0.154144
10.49 -0.152524
10.5 -0.150926
10.51 -0.149317
10.52 -0.147721
10.53 -0.146142
10.54 -0.144577
10.55 -0.143025
10.56 -0.141488
10.57 -0.139968
10.58 -0.138463
10.59 -0.136942
10.6 -0.135444
10.61 -0.133965
10.62 -0.132497
10.63 -0.131025
10.64 -0.129574
10.65 -0.128123
10.66 -0.126642
10.67 -0.12529
10.68 -0.123884
10.69 -0.122509
10.7 -0.121111
10.71 -0.119745
10.72 -0.118386
10.73 -0.117021
10.74 -0.115675
10.75 -0.114344
10.76 -0.113042
10.77 -0.1117
10.78 -0.110384
10.79 -0.10908
10.8 -0.107788
10.81 -0.106505
10.82 -0.105233
10.83 -0.103972
10.84 -0.102752
10.85 -0.101463
10.86 -0.100213
10.87 -0.0989745
10.88 -0.0977453
10.89 -0.0965248
10.9 -0.0953129
10.91 -0.0941092
10.92 -0.0929136
10.93 -0.0917261
10.94 -0.0905466
10.95 -0.0893752
10.96 -0.0882124
10.97 -0.08706
10.98 -0.0859277
10.99 -0.084759
11 -0.0836136
11.01 -0.0824776
11.02 -0.0813496
11.03 -0.0802289
11.04 -0.0791153
11.05 -0.0780086
11.06 -0.0769088
11.07 -0.0758157
11.08 -0.0747292
11.09 -0.0736492
11.1 -0.0725757
11.11 -0.0715086
11.12 -0.0704478
11.13 -0.0693933
11.14 -0.0683449
11.15 -0.0673028
11.16 -0.0662667
11.17 -0.0652368
11.18 -0.0642131
11.19 -0.0631958
11.2 -0.0621857
11.21 -0.0611856
11.22 -0.0601888
11.23 -0.0591766
11.24 -0.058178
11.25 -0.0571869
11.26 -0.0562019
11.27 -0.0552228
11.28 -0.0542492
11.29 -0.053281
11.3 -0.0523182
11.31 -0.0513606
11.32 -0.0504082
11.33 -0.0494608
11.34 -0.0485186
11.35 -0.0475813
11.36 -0.046649
11.37 -0.0457217
11.38 -0.0447992
11.39 -0.0438815
11.4 -0.0429687
11.41 -0.0420606
11.42 -0.0411572
11.43 -0.0402584
11.44 -0.0393643
11.45 -0.0384748
11.46 -0.0375898
11.47 -0.0367093
11.48 -0.0358333
11.49 -0.0349617
11.5 -0.0340945
11.51 -0.0332316
11.52 -0.0323732
11.53 -0.031519
11.54 -0.0306692
11.55 -0.0298239
11.56 -0.028983
11.57 -0.028147
11.58 -0.0273167
11.59 -0.0264961
11.6 -0.0256687
11.61 -0.0248339
11.62 -0.0240088
11.63 -0.0231892
11.64 -0.0223742
11.65 -0.0215633
11.66 -0.0207565
11.67 -0.0199536
11.68 -0.0191545
11.69 -0.0183591
11.7 -0.0175673
11.71 -0.0167792
11.72 -0.0159946
11.73 -0.0152136
11.74 -0.0144362
11.75 -0.0136622
11.76 -0.0128917
11.77 -0.0121247
11.78 -0.0113613
11.79 -0.0106013
11.8 -0.00984501
11.81 -0.00909239
11.82 -0.00834357
11.83 -0.00759863
11.84 -0.00685766
11.85 -0.00612068
11.86 -0.00538766
11.87 -0.00465857
11.88 -0.00393335
11.89 -0.00321202
11.9 -0.00249474
11.91 -0.00178194
11.92 -0.00107483
11.93 -0.000378889
11.94 -0.000611052
11.95 -0.00203466
11.96 -0.00348659
11.97 -0.0049725
11.98 -0.00642746
11.99 -0.00791777
12 -0.00942768
12.01 -0.0109559
12.02 -0.0125021
12.03 -0.0140664
12.04 -0.0156487
12.05 -0.0172491
12.06 -0.0188668
12.07 -0.0205
12.08 -0.0221399
12.09 -0.0238104
12.1 -0.0255695
12.11 -0.0273236
12.12 -0.0290944
12.13 -0.0308862
12.14 -0.0327013
12.15 -0.034542
12.16 -0.036417
12.17 -0.0382874
12.18 -0.0401857
12.19 -0.0421122
12.2 -0.0440629
12.21 -0.0460262
12.22 -0.0480375
12.23 -0.0501429
12.24 -0.0522594
12.25 -0.0544177
12.26 -0.0565422
12.27 -0.0586916
12.28 -0.0609618
12.29 -0.0632766
12.3 -0.0654246
12.31 -0.067895
12.32 -0.070275
12.33 -0.072669
12.34 -0.0752337
12.35 -0.0778032
12.36 -0.0803841
12.37 -0.0831147
12.38 -0.0857438
12.39 -0.0883882
12.4 -0.0913312
12.41 -0.0942429
12.42 -0.0972341
12.43 -0.10021
12.44 -0.103277
12.45 -0.106407
12.46 -0.109571
12.47 -0.112982
12.48 -0.116426
12.49 -0.119953
12.5 -0.123576
12.51 -0.127305
12.52 -0.131136
12.53 -0.135061
12.54 -0.139116
12.55 -0.143302
12.56 -0.147629
12.57 -0.1521
12.58 -0.156713
12.59 -0.161531
12.6 -0.166623
12.61 -0.171885
12.62 -0.177361
12.63 -0.183079
12.64 -0.189062
12.65 -0.195339
12.66 -0.201942
12.67 -0.208907
12.68 -0.216284
12.69 -0.224084
12.7 -0.232397
12.71 -0.241299
12.72 -0.250877
12.73 -0.261242
12.74 -0.272534
12.75 -0.284935
12.76 -0.298679
12.77 -0.314005
12.78 -0.331797
12.79 -0.352421
12.8 -0.37707
12.81 -0.407753
12.82 -0.448454
12.83 -0.509067
12.84 -0.631147
12.85 -0.683776
12.86 -0.526342
12.87 -0.458908
12.88 -0.415496
12.89 -0.383343
12.9 -0.357695
12.91 -0.33647
12.92 -0.318376
12.93 -0.302549
12.94 -0.288595
12.95 -0.27604
12.96 -0.264545
12.97 -0.254117
12.98 -0.244378
12.99 -0.23555
13 -0.227227
13.01 -0.21939
13.02 -0.211956
13.03 -0.205057
13.04 -0.198529
13.05 -0.192309
13.06 -0.186375
13.07 -0.180698
13.08 -0.175249
13.09 -0.170082
13.1 -0.165148
13.11 -0.160371
13.12 -0.15573
13.13 -0.151301
13.14 -0.146987
13.15 -0.142847
13.16 -0.138912
13.17 -0.135033
13.18 -0.131282
13.19 -0.127657
13.2 -0.124105
13.21 -0.120588
13.22 -0.117308
13.23 -0.114041
13.24 -0.110918
13.25 -0.10779
13.26 -0.104833
13.27 -0.101902
13.28 -0.0990114
13.29 -0.0962139
13.3 -0.0935238
13.31 -0.090838
13.32 -0.0882241
13.33 -0.0856925
13.34 -0.0831586
13.35 -0.0805966
13.36 -0.0783061
13.37 -0.0759341
13.38 -0.0736073
13.39 -0.0713537
13.4 -0.0690487
13.41 -0.0669281
13.42 -0.0647601
13.43 -0.0626436
13.44 -0.0605742
13.45 -0.0585558
13.46 -0.0565591
13.47 -0.0545927
13.48 -0.0526236
13.49 -0.0506989
13.5 -0.0488385
13.51 -0.0469972
13.52 -0.0451959
13.53 -0.0433919
13.54 -0.0416382
13.55 -0.0398929
13.56 -0.0381695
13.57 -0.0364921
13.58 -0.0348061
13.59 -0.0331879
13.6 -0.0315321
13.61 -0.029914
13.62 -0.0283829
13.63 -0.0268273
13.64 -0.0252758
13.65 -0.0237886
13.66 -0.0222602
13.67 -0.0207839
13.68 -0.0193044
13.69 -0.017851
13.7 -0.0164448
13.71 -0.0150394
13.72 -0.0136448
13.73 -0.0122875
13.74 -0.0109136
13.75 -0.00953546
13.76 -0.00824147
13.77 -0.007001
13.78 -0.00563829
13.79 -0.00438359
13.8 -0.00310377
13.81 -0.00186547
13.82 -0.000653672
13.83 -0.00107765
13.84 -0.00360964
13.85 -0.00628644
13.86 -0.00905242
13.87 -0.0119871
13.88 -0.0150444
13.89 -0.0183073
13.9 -0.021749
13.91 -0.0253951
13.92 -0.0291818
13.93 -0.0333921
13.94 -0.0378623
13.95 -0.0426545
13.96 -0.0478198
13.97 -0.0534318
13.98 -0.0597175
13.99 -0.0667314
14 -0.074567
14.01 -0.0834573
14.02 -0.0941558
14.03 -0.106821
14.04 -0.12281
14.05 -0.144261
14.06 -0.178041
14.07 -0.25588
14.08 -0.231503
14.09 -0.169796
14.1 -0.139483
14.11 -0.119112
14.12 -0.103748
14.13 -0.0913895
14.14 -0.0810366
14.15 -0.0721546
14.16 -0.0643023
14.17 -0.0574219
14.18 -0.0511715
14.19 -0.0454934
14.2 -0.0402769
14.21 -0.0354486
14.22 -0.0309554
14.23 -0.0267698
14.24 -0.0228264
14.25 -0.0191039
14.26 -0.0155925
14.27 -0.0122795
14.28 -0.0090951
14.29 -0.00606997
14.3 -0.00318919
14.31 -0.000422345
14.32 -0.00470381
14.33 -0.0118324
14.34 -0.0212063
14.35 -0.0347833
14.36 -0.0601391
14.37 -0.101669
14.38 -0.046475
14.39 -0.0275436
14.4 -0.0156279
14.41 -0.00693759
14.42 -0.000108185
14.43 -0.0246748
14.44 -0.00628551
14.45 -0.000395576
14.46 0.0121816
14.47 0.0163428
14.48 0.0220338
14.49 0.0238805
14.5 0.0248294
14.51 0.0262745
14.52 -0.0010341
14.53 0.0277675
14.54 0.0292166
14.55 0.0352017
14.56 0.0358267
14.57 0.0400073
14.58 0.0436366
14.59 0.0346404
14.6 -0.000348209
14.61 0.0412494
14.62 0.0439777
14.63 0.0479237
14.64 0.045255
14.65 -0.00380546
14.66 0.0447183
14.67 0.048831
14.68 0.0492524
14.69 -0.00352888
14.7 0.0517355
14.71 0.0526755
14.72 0.0540459
14.73 0.053788
14.74 0.0542042
14.75 0.0509858
14.76 0.0345349
14.77 -0.0455859
14.78 -0.00237265
14.79 -0.00301824
14.8 0.0173082
14.81 0.0436674
14.82 0.0537199
14.83 0.0565082
14.84 0.0603097
14.85 0.0599937
14.86 0.0635163
14.87 0.0608711
14.88 0.0612928
14.89 0.0646624
14.9 0.0659194
14.91 0.0686835
14.92 0.0675432
14.93 0.0708052
14.94 0.0707813
14.95 0.0721372
14.96 0.0627901
14.97 0.0709163
14.98 0.0746556
14.99 0.0749612
15 0.0774638
15.01 0.0795992
15.02 0.0797032
15.03 0.0818491
15.04 0.0858706
15.05 0.0870848
15.06 0.0867096
15.07 0.0872831
15.08 0.0878765
15.09 0.0868451
15.1 0.0872909
15.11 0.0885985
15.12 0.0862268
15.13 0.0883533
15.14 0.0876436
15.15 0.0898859
15.16 0.0881782
15.17 0.00873317
15.18 0.083613
15.19 0.0887122
15.2 0.0854478
15.21 0.0892359
15.22 0.0874654
15.23 0.0908391
15.24 0.0908789
15.25 0.0918842
15.26 0.00162291
15.27 0.0903153
15.28 0.0925013
15.29 0.0912284
15.3 0.0892163
15.31 0.0934565
15.32 0.0953864
15.33 0.09511
15.34 0.0941172
15.35 0.0944618
15.36 0.0944107
15.37 0.0929031
15.38 0.0894122
15.39 -0.0158711
15.4 -0.0426995
15.41 -0.000264685
15.42 -0.00144448
15.43 0.0218457
15.44 0.072318
15.45 0.0812048
15.46 0.0818199
15.47 0.0900071
15.48 0.0906823
15.49 0.0942873
15.5 0.0952622
15.51 0.0921848
15.52 0.0956561
15.53 0.0984405
15.54 0.0964278
15.55 0.0936353
15.56 0.0962626
15.57 0.0986538
15.58 0.0962546
15.59 0.0999891
15.6 0.101141
15.61 0.100464
15.62 0.0996508
15.63 0.0966516
15.64 0.071517
15.65 0.0937799
15.66 0.0920741
15.67 0.098899
15.68 0.101033
15.69 0.0992578
15.7 0.103065
15.71 0.103038
15.72 0.0999105
15.73 0.10463
15.74 0.102367
15.75 0.107686
15.76 0.108465
15.77 0.105428
15.78 0.108507
15.79 0.108534
15.8 0.108416
15.81 0.106294
15.82 0.0988773
15.83 0.103647
15.84 0.105325
15.85 0.107202
15.86 0.106494
15.87 0.108015
15.88 0.105368
15.89 0.107804
15.9 0.107149
15.91 0.109011
15.92 0.108458
15.93 0.103826
15.94 0.106992
15.95 0.10532
15.96 0.105695
15.97 0.102692
15.98 0.102789
15.99 0.101494
16 0.0991801
16.01 0.0956925
16.02 0.0887237
16.03 0.0603042
16.04 -0.0556476
16.05 -0.111148
16.06 -0.213613
16.07 -0.211617
16.08 -0.127712
16.09 -0.0898822
16.1 -0.0657304
16.11 -0.0481429
16.12 -0.0343822
16.13 -0.0230961
16.14 -0.0136378
16.15 -0.00550877
16.16 -0.00313744
16.17 -0.0214211
16.18 -0.0561059
16.19 -0.106647
16.2 -0.0366619
16.21 -0.0117132
16.22 -0.00906119
16.23 -0.0043481
16.24 0.0156185
16.25 0.0241592
16.26 0.0318478
16.27 0.0359519
16.28 0.00228882
16.29 0.0410754
16.3 0.0492591
16.31 0.0756315
16.32 0.0821356
16.33 0.092983
16.34 0.0891559
16.35 0.0999122
16.36 0.101789
16.37 0.0963039
16.38 0.103036
16.39 0.106885
16.4 0.104976
16.41 0.103953
16.42 0.0157081
16.43 0.107598
16.44 0.109899
16.45 0.109086
16.46 0.114667
16.47 0.115796
16.48 0.109232
16.49 0.116819
16.5 0.118714
16.51 0.119909
16.52 0.115758
16.53 0.116252
16.54 0.11023
16.55 0.114328
16.56 0.113317
16.57 0.11923
16.58 0.121
16.59 0.119596
16.6 0.121635
16.61 0.12335
16.62 0.123346
16.63 0.123347
16.64 0.122346
16.65 0.121453
16.66 0.12199
16.67 0.120217
16.68 0.123422
16.69 0.122625
16.7 0.121927
16.71 0.117606
16.72 -0.00224759
16.73 0.0989433
16.74 0.112217
16.75 0.116195
16.76 0.120646
16.77 0.119472
16.78 -0.0141634
16.79 0.119623
16.8 0.123436
16.81 0.12467
16.82 0.128375
16.83 0.127407
16.84 0.12844
16.85 0.129882
16.86 0.127971
16.87 0.12777
16.88 0.130324
16.89 0.13184
16.9 0.131654
16.91 0.134656
16.92 0.135668
16.93 0.135419
16.94 0.134675
16.95 0.13675
16.96 0.13755
16.97 0.135541
16.98 0.1371
16.99 0.136949
17 0.124119
17.01 0.133034
17.02 0.135619
17.03 0.134166
17.04 0.13668
17.05 0.13807
17.06 0.139707
17.07 0.138283
17.08 0.141296
17.09 0.140629
17.1 0.140558
17.11 0.142481
17.12 0.141074
17.13 0.14159
17.14 0.138872
17.15 0.139276
17.16 0.139216
17.17 0.140376
17.18 0.137309
17.19 0.141382
17.2 0.141702
17.21 0.140328
17.22 0.141849
17.23 0.141254
17.24 0.138649
17.25 0.134906
17.26 -0.176965
17.27 -0.0023794
17.28 0.0171846
17.29 0.112265
17.3 0.124411
17.31 0.128463
17.32 0.132619
17.33 0.135781
17.34 0.137983
17.35 0.135391
17.36 0.138979
17.37 0.140146
17.38 0.142822
17.39 0.131868
17.4 0.141768
17.41 0.142729
17.42 0.143893
17.43 0.145787
17.44 0.147466
17.45 0.144627
17.46 0.147477
17.47 0.148002
17.48 0.14835
17.49 0.148108
17.5 0.148234
17.51 0.146055
17.52 0.14804
17.53 0.146717
17.54 0.149932
17.55 0.150045
17.56 0.151703
17.57 0.15244
17.58 0.154162
17.59 0.153313
17.6 0.152515
17.61 0.153494
17.62 0.154999
17.63 0.15489
17.64 0.154213
17.65 0.154478
17.66 0.155708
17.67 0.155389
17.68 0.154595
17.69 0.00123169
17.7 0.149092
17.71 0.153651
17.72 0.152733
17.73 0.156235
17.74 0.153817
17.75 0.157478
17.76 0.156968
17.77 0.159066
17.78 0.156371
17.79 0.158382
17.8 0.16089
17.81 0.159713
17.82 0.162047
17.83 0.162364
17.84 0.162444
17.85 0.159154
17.86 0.161702
17.87 0.163832
17.88 0.164185
17.89 0.164223
17.9 0.165553
17.91 0.166041
17.92 0.167886
17.93 0.169035
17.94 0.170357
17.95 0.170427
17.96 0.170259
17.97 0.170374
17.98 0.170652
17.99 0.169923
18 0.170266
18.01 0.170934
18.02 0.171166
18.03 0.169298
18.04 0.17163
18.05 0.170359
18.06 0.171953
18.07 0.171372
18.08 0.168668
18.09 0.16834
18.1 0.170262
18.11 0.170407
18.12 0.170903
18.13 0.171617
18.14 0.170813
18.15 0.172038
18.16 0.172527
18.17 0.173968
18.18 0.172596
18.19 0.172101
18.2 0.171946
18.21 0.172865
18.22 0.173729
18.23 0.173433
18.24 0.173275
18.25 0.173039
18.26 0.173813
18.27 0.17312
18.28 0.174027
18.29 0.174695
18.3 0.173816
18.31 0.172659
18.32 -0.0217132
18.33 0.148968
18.34 0.164028
18.35 0.166871
18.36 0.169791
18.37 0.169755
18.38 0.17147
18.39 0.171801
18.4 0.173326
18.41 0.171485
18.42 0.172029
18.43 0.173515
18.44 0.174184
18.45 0.174916
18.46 0.174794
18.47 0.171835
18.48 0.173572
18.49 0.175192
18.5 0.176368
18.51 0.17597
18.52 0.173739
18.53 0.175579
18.54 0.177001
18.55 0.176279
18.56 0.176996
18.57 0.1755
18.58 0.175794
18.59 0.170999
18.6 0.172517
18.61 0.174517
18.62 0.17599
18.63 0.175318
18.64 0.175801
18.65 0.176923
18.66 0.177009
18.67 0.177822
18.68 0.177233
18.69 0.177902
18.7 0.178509
18.71 0.168706
18.72 0.175603
18.73 0.177046
18.74 0.179198
18.75 0.179206
18.76 0.17791
18.77 0.177504
18.78 0.178284
18.79 0.179806
18.8 0.179035
18.81 0.179811
18.82 0.180736
18.83 0.179582
18.84 0.180271
18.85 0.178283
18.86 0.177184
18.87 0.176674
18.88 0.178756
18.89 0.176832
18.9 0.178093
18.91 0.177363
18.92 0.173986
18.93 0.17209
18.94 0.163996
18.95 -0.112719
18.96 -0.0442335
18.97 -0.00353341
18.98 -0.00605991
18.99 0.0273202
19 0.116929
19.01 0.148247
19.02 0.154721
19.03 0.16128
19.04 0.163648
19.05 0.16538
19.06 0.162863
19.07 0.167532
19.08 0.167894
19.09 0.168493
19.1 0.171203
19.11 0.173349
19.12 0.174681
19.13 0.176277
19.14 0.177173
19.15 0.177363
19.16 0.172183
19.17 0.178406
19.18 0.179369
19.19 0.178854
19.2 0.179184
19.21 0.176415
19.22 0.17367
19.23 0.176693
19.24 0.179704
19.25 0.178152
19.26 0.180877
19.27 0.17874
19.28 0.179492
19.29 0.180445
19.3 0.18059
19.31 0.181361
19.32 0.181245
19.33 0.178788
19.34 0.176189
19.35 0.174688
19.36 0.175527
19.37 0.178745
19.38 0.179967
19.39 0.180883
19.4 0.17997
19.41 0.182129
19.42 0.18209
19.43 0.183057
19.44 0.18375
19.45 0.184927
19.46 0.000955723
19.47 0.181468
19.48 0.183619
19.49 0.183306
19.5 0.183907
19.51 0.180717
19.52 0.185021
19.53 0.185543
19.54 0.184721
19.55 0.186732
19.56 0.186858
19.57 0.187027
19.58 0.183489
19.59 0.184496
19.6 0.183
19.61 0.183046
19.62 0.178052
19.63 -0.0151049
19.64 0.168891
19.65 0.174503
19.66 0.17677
19.67 0.177826
19.68 0.175371
19.69 0.179899
19.7 0.181808
19.71 0.181999
19.72 0.184645
19.73 0.185208
19.74 0.184257
19.75 0.183959
19.76 0.184608
19.77 0.185063
19.78 0.185519
19.79 0.183532
19.8 0.183347
19.81 0.186023
19.82 0.186197
19.83 0.188297
19.84 0.185994
19.85 0.187292
19.86 0.189102
19.87 0.189088
19.88 0.189325
19.89 0.188006
19.9 0.187737
19.91 0.185715
19.92 0.183215
19.93 0.184083
19.94 0.184503
19.95 0.188042
19.96 0.185975
19.97 0.187028
19.98 0.188133
19.99 0.188683
20 0.188441
20.01 0.190716
20.02 0.189941
20.03 0.184886
20.04 0.187046
20.05 0.188263
20.06 0.190698
20.07 0.191639
20.08 0.190799
20.09 0.19057
20.1 0.193115
20.11 0.19343
20.12 0.193081
20.13 0.193017
20.14 0.19222
20.15 0.191641
20.16 0.193293
20.17 0.192071
20.18 0.192541
20.19 0.192861
20.2 0.19303
20.21 0.192236
20.22 0.192259
20.23 0.180941
20.24 0.18872
20.25 0.188596
20.26 0.190243
20.27 0.191303
20.28 0.191235
20.29 0.19192
20.3 0.191342
20.31 0.19199
20.32 0.19104
20.33 0.190548
20.34 0.186816
20.35 0.187542
20.36 0.190634
20.37 0.189776
20.38 0.190015
20.39 0.190218
20.4 0.187351
20.41 0.189933
20.42 0.190411
20.43 0.189297
20.44 0.190907
20.45 0.189644
20.46 0.190207
20.47 0.187889
20.48 0.18779
20.49 0.187434
20.5 0.188265
20.51 0.187825
20.52 0.186862
20.53 0.187291
20.54 0.185112
20.55 0.180397
20.56 0.183064
20.57 0.180536
20.58 0.179048
20.59 0.178749
20.6 0.174645
20.61 0.170053
20.62 0.159004
20.63 0.142
20.64 -0.0398837
20.65 -0.098437
20.66 -0.171895
20.67 -0.382084
20.68 -0.216753
20.69 -0.144565
20.7 -0.106315
20.71 -0.0799541
20.72 -0.060932
20.73 -0.0459227
20.74 -0.0332303
20.75 -0.0221806
20.76 -0.013115
20.77 -0.00495826
20.78 -0.00449439
20.79 -0.0235096
20.8 -0.0541078
20.81 -0.150399
20.82 -0.0715417
20.83 -0.0314319
20.84 -0.0101858
20.85 -0.0131534
20.86 -0.011112
20.87 0.0109552
20.88 0.0231158
20.89 0.0356968
20.9 0.0327442
20.91 0.0436444
20.92 0.00648627
20.93 0.0505733
20.94 0.0577461
20.95 0.0670029
20.96 0.124224
20.97 0.1318
20.98 0.145019
20.99 0.146963
21 0.146134
21.01 0.155631
21.02 0.158476
21.03 0.152731
21.04 0.16329
21.05 0.163014
21.06 0.166454
21.07 0.167854
21.08 0.170511
21.09 0.169676
21.1 0.173222
21.11 0.172512
21.12 0.174538
21.13 0.176625
21.14 0.17268
21.15 0.169328
21.16 0.177257
21.17 0.177996
21.18 0.181487
21.19 0.179308
21.2 0.179606
21.21 0.181788
21.22 0.181933
21.23 0.1798
21.24 0.17657
21.25 0.175313
21.26 0.17295
21.27 0.178057
21.28 0.182756
21.29 0.182904
21.3 0.17946
21.31 0.183463
21.32 0.186708
21.33 0.185221
21.34 0.185551
21.35 0.188765
21.36 0.188989
21.37 0.18957
21.38 0.190873
21.39 0.189349
21.4 0.191795
21.41 0.192545
21.42 0.192582
21.43 0.188063
21.44 0.18797
21.45 0.190858
21.46 0.192598
21.47 0.192317
21.48 0.192638
21.49 0.194438
21.5 0.195098
21.51 0.195519
21.52 0.190848
21.53 0.19178
21.54 0.176572
21.55 0.189554
21.56 0.185994
21.57 0.19125
21.58 0.193135
21.59 0.192161
21.6 0.195731
21.61 0.194628
21.62 0.19615
21.63 0.194885
21.64 0.194583
21.65 0.193446
21.66 0.196993
21.67 0.197414
21.68 0.19747
21.69 0.197019
21.7 0.199553
21.71 0.198724
21.72 0.198254
21.73 0.199246
21.74 0.198791
21.75 0.19725
21.76 0.196245
21.77 0.195737
21.78 0.197217
21.79 0.19586
21.8 0.192972
21.81 -0.142996
21.82 0.183365
21.83 0.187453
21.84 0.190869
21.85 0.192679
21.86 0.191268
21.87 0.188503
21.88 0.192038
21.89 0.192843
21.9 0.19343
21.91 0.196714
21.92 0.197672
21.93 0.199375
21.94 0.198371
21.95 0.200368
21.96 0.199696
21.97 0.193848
21.98 0.199089
21.99 0.200446
22 0.201207
22.01 0.200734
22.02 0.201301
22.03 0.202932
22.04 0.201035
22.05 0.201335
22.06 0.187589
22.07 0.19782
22.08 0.198355
22.09 0.201249
22.1 0.202031
22.11 0.201322
22.12 0.201405
22.13 0.204182
22.14 0.203539
22.15 0.202826
22.16 0.200595
22.17 0.20464
22.18 0.204079
22.19 0.204465
22.2 0.205721
22.21 0.206151
22.22 0.204906
22.23 0.206259
22.24 0.204377
22.25 0.204269
22.26 0.207458
22.27 0.206641
22.28 0.206711
22.29 0.206102
22.3 0.205454
22.31 0.204165
22.32 0.199939
22.33 0.20141
22.34 0.200235
22.35 0.202886
22.36 0.203467
22.37 0.203712
22.38 0.204309
22.39 0.201419
22.4 0.202259
22.41 0.202389
22.42 0.202722
22.43 0.201718
22.44 0.199499
22.45 0.197882
22.46 0.196548
22.47 0.191422
22.48 -0.105562
22.49 -0.0204782
22.5 -0.0239528
22.51 0.0316068
22.52 0.16368
22.53 0.177568
22.54 0.182896
22.55 0.187094
22.56 0.188567
22.57 0.1933
22.58 0.193806
22.59 0.193966
22.6 0.19335
22.61 0.195918
22.62 0.197619
22.63 0.197157
22.64 0.196236
22.65 0.197596
22.66 0.195795
22.67 0.189731
22.68 0.194924
22.69 0.196448
22.7 0.198036
22.71 0.20044
22.72 0.199908
22.73 0.203256
22.74 0.198476
22.75 0.201704
22.76 0.202664
22.77 0.204214
22.78 0.204729
22.79 0.204522
22.8 0.205161
22.81 0.205559
22.82 0.202038
22.83 0.204507
22.84 0.206589
22.85 0.206257
22.86 0.207648
22.87 0.20908
22.88 0.208216
22.89 0.209084
22.9 0.206936
22.91 0.201799
22.92 0.204126
22.93 0.205862
22.94 0.207217
22.95 0.209129
22.96 0.208867
22.97 0.209688
22.98 0.210624
22.99 0.208102
23 0.207092
23.01 0.2101
23.02 0.21011
23.03 0.210974
23.04 0.212059
23.05 0.210632
23.06 0.211363
23.07 0.210038
23.08 0.208899
23.09 0.210198
23.1 0.210522
23.11 0.208187
23.12 0.208869
23.13 0.207696
23.14 0.187393
23.15 0.19549
23.16 0.20144
23.17 0.205779
23.18 0.204208
23.19 0.207089
23.2 0.207174
23.21 0.20624
23.22 0.207374
23.23 0.209456
23.24 0.209762
23.25 0.209964
23.26 0.209837
23.27 0.212003
23.28 0.211356
23.29 0.209893
23.3 0.20984
23.31 0.211998
23.32 0.212865
23.33 0.213098
23.34 0.213687
23.35 0.213332
23.36 0.211991
23.37 -0.0158147
23.38 0.210984
23.39 0.211806
23.4 0.210997
23.41 0.213027
23.42 0.214071
23.43 0.214397
23.44 0.215339
23.45 0.214093
23.46 0.214
23.47 0.216356
23.48 0.214826
23.49 0.216817
23.5 0.217881
23.51 0.214403
23.52 0.216219
23.53 0.218332
23.54 0.218511
23.55 0.21708
23.56 0.215117
23.57 0.215909
23.58 0.217364
23.59 0.218114
23.6 0.217633
23.61 0.218326
23.62 0.217964
23.63 0.219526
23.64 0.219245
23.65 0.216851
23.66 0.219196
23.67 0.218749
23.68 0.216533
23.69 0.215428
23.7 0.21135
23.71 0.214943
23.72 0.213683
23.73 0.214992
23.74 0.214969
23.75 0.215912
23.76 0.217974
23.77 0.21766
23.78 0.218743
23.79 0.217489
23.8 0.21882
23.81 0.218064
23.82 0.217852
23.83 0.218356
23.84 0.218608
23.85 0.217242
23.86 0.218485
23.87 0.219253
23.88 0.218564
23.89 0.217962
23.9 0.220079
23.91 0.219654
23.92 0.219198
23.93 0.220715
23.94 0.219933
23.95 0.220031
23.96 0.21966
23.97 0.214721
23.98 0.216753
23.99 0.219548
24 0.217977
24.01 0.220381
24.02 0.216772
24.03 0.217325
24.04 0.218639
24.05 0.218899
24.06 0.218703
24.07 0.217508
24.08 0.217308
24.09 0.217526
24.1 0.21547
24.11 0.211701
24.12 -0.354077
24.13 -0.00177333
24.14 0.190535
24.15 0.203058
24.16 0.205019
24.17 0.206594
24.18 0.207018
24.19 0.210271
24.2 0.210297
24.21 0.211168
24.22 0.212641
24.23 0.211547
24.24 0.212912
24.25 0.212092
24.26 0.213837
24.27 0.213829
24.28 0.212406
24.29 0.212751
24.3 0.213161
24.31 0.215078
24.32 0.215088
24.33 0.216949
24.34 0.217127
24.35 0.217013
24.36 0.218431
24.37 0.217769
24.38 0.2172
24.39 0.218196
24.4 0.217868
24.41 0.218387
24.42 0.218875
24.43 0.213647
24.44 0.218935
24.45 0.216184
24.46 0.217731
24.47 0.219486
24.48 0.219283
24.49 0.219412
24.5 0.220122
24.51 0.22014
24.52 0.220624
24.53 0.22038
24.54 0.219599
24.55 0.218894
24.56 0.218188
24.57 0.219863
24.58 0.21683
24.59 0.217642
24.6 0.19004
24.61 0.212206
24.62 0.211478
24.63 0.21458
24.64 0.21501
24.65 0.216341
24.66 0.217869
24.67 0.216735
24.68 0.217998
24.69 0.218547
24.7 0.217758
24.71 0.220051
24.72 0.217439
24.73 0.22073
24.74 0.219065
24.75 0.220489
24.76 0.220743
24.77 0.220535
24.78 0.217157
24.79 0.217063
24.8 0.21802
24.81 0.220237
24.82 0.219983
24.83 0.220388
24.84 0.220514
24.85 0.21747
24.86 0.221245
24.87 0.221157
24.88 0.221077
24.89 0.222946
24.9 0.220257
24.91 0.222775
24.92 0.220658
24.93 0.221521
24.94 0.219998
24.95 0.218449
24.96 0.219296
24.97 0.220682
24.98 0.222253
24.99 0.221259
25 0.221818
25.01 0.223176
25.02 0.221766
25.03 0.221013
25.04 0.220972
25.05 0.219863
25.06 0.220287
25.07 0.21947
25.08 0.213831
25.09 0.210628
25.1 0.215033
25.11 0.215042
25.12 0.215768
25.13 0.215071
25.14 0.217851
25.15 0.217378
25.16 0.217428
25.17 0.217764
25.18 0.219492
25.19 0.218458
25.2 0.218217
25.21 0.219864
25.22 0.218869
25.23 0.219175
25.24 0.21824
25.25 0.218321
25.26 0.216197
25.27 0.216455
25.28 0.215503
25.29 0.219243
25.3 0.21695
25.31 0.221082
25.32 0.217206
25.33 0.215907
25.34 0.218565
25.35 0.21616
25.36 0.217874
25.37 0.219992
25.38 0.218141
25.39 0.216721
25.4 0.217393
25.41 0.218192
25.42 0.218713
25.43 0.217254
25.44 0.214864
25.45 0.209646
25.46 0.212108
25.47 0.213892
25.48 0.213833
25.49 0.214855
25.5 0.215575
25.51 0.214667
25.52 0.214292
25.53 0.211895
25.54 0.21359
25.55 0.213512
25.56 0.211496
25.57 0.21234
25.58 0.213129
25.59 0.210155
25.6 0.211157
25.61 0.210681
25.62 0.201861
25.63 0.209956
25.64 0.208851
25.65 0.209721
25.66 0.207819
25.67 0.209699
25.68 0.204177
25.69 0.207283
25.7 0.208247
25.71 0.208067
25.72 0.202011
25.73 0.202576
25.74 0.202104
25.75 0.201572
25.76 0.198831
25.77 0.200883
25.78 0.199024
25.79 0.197405
25.8 0.197079
25.81 0.188889
25.82 0.188871
25.83 0.191595
25.84 0.186962
25.85 0.185183
25.86 0.18218
25.87 0.178928
25.88 0.176906
25.89 0.167714
25.9 0.157886
25.91 0.151786
25.92 0.138055
25.93 0.108336
25.94 -0.024105
25.95 -0.0470983
25.96 -0.0646944
25.97 -0.0792757
25.98 -0.0951576
25.99 -0.109603
26 -0.12388
26.01 -0.138718
26.02 -0.153611
26.03 -0.168991
26.04 -0.184798
26.05 -0.201949
26.06 -0.219979
26.07 -0.239512
26.08 -0.260325
26.09 -0.28399
26.1 -0.309947
26.11 -0.340446
26.12 -0.375987
26.13 -0.420041
26.14 -0.479076
26.15 -0.568568
26.16 -0.762929
26.17 -0.736092
26.18 -0.56398
26.19 -0.482226
26.2 -0.428768
26.21 -0.388987
26.22 -0.357484
26.23 -0.331174
26.24 -0.308846
26.25 -0.28974
26.26 -0.272693
26.27 -0.257413
26.28 -0.243571
26.29 -0.230855
26.3 -0.219359
26.31 -0.208283
26.32 -0.198375
26.33 -0.189532
26.34 -0.180932
26.35 -0.172954
26.36 -0.16484
26.37 -0.157752
26.38 -0.151041
26.39 -0.144655
26.4 -0.13843
26.41 -0.132262
26.42 -0.126751
26.43 -0.121246
26.44 -0.116238
26.45 -0.111174
26.46 -0.106198
26.47 -0.10176
26.48 -0.0972651
26.49 -0.0927765
26.5 -0.088771
26.51 -0.0847536
26.52 -0.0808425
26.53 -0.0770242
26.54 -0.0732905
26.55 -0.069692
26.56 -0.0662811
26.57 -0.0629865
26.58 -0.0596323
26.59 -0.0564762
26.6 -0.053234
26.61 -0.0503503
26.62 -0.0473524
26.63 -0.044325
26.64 -0.0417291
26.65 -0.0390267
26.66 -0.0363335
26.67 -0.0337124
26.68 -0.0311355
26.69 -0.028626
26.7 -0.0261775
26.71 -0.0237689
26.72 -0.0213947
26.73 -0.0190734
26.74 -0.0168004
26.75 -0.0145739
26.76 -0.0123925
26.77 -0.0102539
26.78 -0.00815642
26.79 -0.00609908
26.8 -0.00408461
26.81 -0.00209983
26.82 -0.000166469
26.83 -0.00371668
26.84 -0.00786463
26.85 -0.0122345
26.86 -0.0168469
26.87 -0.0217287
26.88 -0.0269111
26.89 -0.0324288
26.9 -0.0382717
26.91 -0.0447373
26.92 -0.0516841
26.93 -0.0592457
26.94 -0.0675539
26.95 -0.0767768
26.96 -0.0871437
26.97 -0.0989809
26.98 -0.112777
26.99 -0.129314
27 -0.149959
27.01 -0.177456
27.02 -0.218761
27.03 -0.304235
27.04 -0.323975
27.05 -0.225372
27.06 -0.181463
27.07 -0.152874
27.08 -0.131631
27.09 -0.114708
27.1 -0.100656
27.11 -0.088638
27.12 -0.0781401
27.13 -0.0688209
27.14 -0.0604426
27.15 -0.0528334
27.16 -0.0458653
27.17 -0.0394436
27.18 -0.0334732
27.19 -0.0278928
27.2 -0.0226685
27.21 -0.0177547
27.22 -0.0131159
27.23 -0.00872303
27.24 -0.00455219
27.25 -0.000596939
27.26 -0.0070041
27.27 -0.0174644
27.28 -0.0316625
27.29 -0.0535957
27.3 -0.104025
27.31 -0.0903362
27.32 -0.0484539
27.33 -0.0278135
27.34 -0.0139294
27.35 -0.00338153
27.36 -0.0147523
27.37 -0.0188843
27.38 -0.00778905
27.39 0.0154344
27.4 0.0202743
27.41 0.0289344
27.42 0.0314598
27.43 0.03335
27.44 0.0353739
27.45 -0.00352844
27.46 0.0366046
27.47 0.036089
27.48 0.0460167
27.49 0.047827
27.5 0.0522406
27.51 0.0578882
27.52 0.0578802
27.53 0.0589562
27.54 0.0598464
27.55 -0.0155808
27.56 0.0634051
27.57 0.0635615
27.58 -0.00732042
27.59 0.0571595
27.6 0.0648172
27.61 0.0663115
27.62 0.0529381
27.63 0.0691953
27.64 0.0719844
27.65 0.0716691
27.66 0.0730758
27.67 0.071821
27.68 0.068957
27.69 -0.0917733
27.7 -0.0187191
27.71 -0.0299042
27.72 0.0221761
27.73 0.0604689
27.74 0.0733817
27.75 0.07554
27.76 0.0800373
27.77 0.0819969
27.78 0.0832937
27.79 -0.00232637
27.8 0.0833651
27.81 0.0881487
27.82 0.0915524
27.83 0.0922436
27.84 0.0931898
27.85 0.0959933
27.86 0.0967218
27.87 0.0936908
27.88 0.098797
27.89 0.0984537
27.9 0.00504377
27.91 0.105946
27.92 0.110528
27.93 0.132669
27.94 0.147614
27.95 0.145966
27.96 0.153939
27.97 0.157895
27.98 0.165736
27.99 0.163949
28 0.171339
28.01 0.172498
28.02 0.165994
28.03 0.16766
28.04 0.175792
28.05 0.175574
28.06 0.179383
28.07 0.182154
28.08 0.185416
28.09 0.181129
28.1 0.188206
28.11 0.188489
28.12 0.189064
28.13 0.185052
28.14 0.182318
28.15 0.188307
28.16 0.189932
28.17 0.188306
28.18 0.193161
28.19 0.196077
28.2 0.197502
28.21 0.197006
28.22 0.199429
28.23 0.190551
28.24 0.189357
28.25 0.192107
28.26 0.189958
28.27 0.188255
28.28 0.18565
28.29 0.189546
28.3 0.195323
28.31 0.197745
28.32 0.200071
28.33 0.198546
28.34 0.202183
28.35 0.205596
28.36 0.199159
28.37 0.20098
28.38 0.20194
28.39 0.207038
28.4 0.205931
28.41 0.208277
28.42 0.210063
28.43 0.20937
28.44 0.206939
28.45 0.209719
28.46 0.211568
28.47 0.214526
28.48 0.208574
28.49 0.209667
28.5 0.206299
28.51 0.209521
28.52 0.214271
28.53 0.214223
28.54 0.211637
28.55 0.216484
28.56 0.216605
28.57 0.214565
28.58 0.216664
28.59 0.216606
28.6 0.212416
28.61 0.21288
28.62 0.208745
28.63 0.212003
28.64 0.208738
28.65 0.210169
28.66 0.20876
28.67 0.207796
28.68 0.207847
28.69 0.210749
28.7 0.213999
28.71 0.21411
28.72 0.217345
28.73 0.217918
28.74 0.217185
28.75 0.219524
28.76 0.220324
28.77 0.218847
28.78 0.216277
28.79 0.218453
28.8 0.219634
28.81 0.220123
28.82 0.220362
28.83 0.221763
28.84 0.222756
28.85 0.223838
28.86 0.224161
28.87 0.223566
28.88 0.223339
28.89 0.22366
28.9 0.226101
28.91 0.225764
28.92 0.226811
28.93 0.225941
28.94 0.224462
28.95 0.221253
28.96 0.222516
28.97 0.219427
28.98 0.221226
28.99 0.221442
29 0.21726
29.01 0.218092
29.02 0.215865
29.03 0.221189
29.04 0.218746
29.05 0.219943
29.06 0.216863
29.07 0.213882
29.08 0.167381
29.09 0.207178
29.1 0.213408
29.11 0.215873
29.12 0.217645
29.13 0.216616
29.14 0.217918
29.15 0.213844
29.16 0.215065
29.17 0.215989
29.18 0.209776
29.19 0.216903
29.2 0.215224
29.21 0.215212
29.22 0.219559
29.23 0.218546
29.24 0.223252
29.25 0.223076
29.26 0.223867
29.27 0.221133
29.28 0.22458
29.29 0.224736
29.3 0.227489
29.31 0.227878
29.32 0.226167
29.33 0.229089
29.34 0.230271
29.35 0.228878
29.36 0.228179
29.37 0.228233
29.38 0.229738
29.39 0.229761
29.4 0.231028
29.41 0.231706
29.42 0.233076
29.43 0.232274
29.44 0.227026
29.45 0.229467
29.46 0.229737
29.47 0.22336
29.48 0.224839
29.49 0.227817
29.5 0.226827
29.51 0.227045
29.52 0.228822
29.53 0.231737
29.54 0.232364
29.55 0.233384
29.56 0.232682
29.57 0.233541
29.58 0.233016
29.59 0.231712
29.6 0.231801
29.61 0.234265
29.62 0.235712
29.63 0.236417
29.64 0.236247
29.65 0.235618
29.66 0.236389
29.67 0.235583
29.68 0.236492
29.69 0.236537
29.7 0.238051
29.71 0.239099
29.72 0.235439
29.73 0.235589
29.74 0.235907
29.75 0.23402
29.76 0.237401
29.77 0.238381
29.78 0.237717
29.79 0.237929
29.8 0.237563
29.81 0.237969
29.82 0.241188
29.83 0.239018
29.84 0.239911
29.85 0.239949
29.86 0.240507
29.87 0.239878
29.88 0.238162
29.89 0.238028
29.9 0.236702
29.91 0.239413
29.92 0.237954
29.93 0.00118684
29.94 0.23549
29.95 0.234867
29.96 0.236351
29.97 0.23545
29.98 0.235234
29.99 0.237064
30 0.237405
30.01 0.239255
30.02 0.238973
30.03 0.239709
30.04 0.240485
30.05 0.242399
30.06 0.239139
30.07 0.242534
30.08 0.242975
30.09 0.242214
30.1 0.240976
30.11 0.24096
30.12 0.240164
30.13 0.239833
30.14 0.240906
30.15 0.243247
30.16 0.244271
30.17 0.240704
30.18 0.243532
30.19 0.243561
30.2 0.24398
30.21 0.243559
30.22 0.244814
30.23 0.245
30.24 0.24351
30.25 0.243316
30.26 0.246431
30.27 0.24619
30.28 0.245102
30.29 0.24644
30.3 0.245443
30.31 0.246089
30.32 0.246144
30.33 0.243583
30.34 0.243764
30.35 0.243616
30.36 0.238737
30.37 0.239735
30.38 0.243399
30.39 0.243124
30.4 0.239827
30.41 0.239153
30.42 0.242008
30.43 0.242557
30.44 0.242964
30.45 0.242352
30.46 0.243004
30.47 0.242639
30.48 0.242442
30.49 0.242226
30.5 0.241153
30.51 0.239086
30.52 0.237777
30.53 -0.0622866
30.54 0.17003
30.55 0.224013
30.56 0.231062
30.57 0.235122
30.58 0.236566
30.59 0.235152
30.6 0.238983
30.61 0.240016
30.62 0.238534
30.63 0.240804
30.64 0.241231
30.65 0.240753
30.66 0.237809
30.67 0.238428
30.68 0.241038
30.69 0.240308
30.7 0.234089
30.71 0.237345
30.72 0.239262
30.73 0.240904
30.74 0.239291
30.75 0.241783
30.76 0.242711
30.77 0.242925
30.78 0.24117
30.79 0.244861
30.8 0.24351
30.81 0.244407
30.82 0.244811
30.83 0.245426
30.84 0.245837
30.85 0.247928
30.86 0.246911
30.87 0.246475
30.88 0.247765
30.89 0.24915
30.9 0.248795
30.91 0.248065
30.92 0.246145
30.93 0.246828
30.94 0.248781
30.95 0.248807
30.96 0.250405
30.97 0.249104
30.98 0.24928
30.99 0.251032
31 0.250206
31.01 0.250982
31.02 0.250386
31.03 0.248207
31.04 0.248753
31.05 0.249731
31.06 0.248578
31.07 0.24966
31.08 0.243818
31.09 0.2462
31.1 0.246867
31.11 0.248984
31.12 0.246587
31.13 0.247544
31.14 0.247827
31.15 0.249638
31.16 0.250767
31.17 0.251513
31.18 0.25136
31.19 0.249825
31.2 0.251803
31.21 0.252401
31.22 0.250914
31.23 0.252358
31.24 0.248743
31.25 0.251221
31.26 0.251452
31.27 0.252606
31.28 0.25406
31.29 0.252497
31.3 0.25334
31.31 0.253475
31.32 0.253893
31.33 0.253205
31.34 0.255092
31.35 0.253613
31.36 0.253904
31.37 0.255278
31.38 0.253219
31.39 0.256197
31.4 0.25579
31.41 0.253881
31.42 0.255103
31.43 0.255508
31.44 0.255214
31.45 0.252148
31.46 0.252953
31.47 0.25346
31.48 0.252185
31.49 0.253978
31.5 0.25455
31.51 0.25511
31.52 0.255635
31.53 0.25495
31.54 0.254764
31.55 0.255992
31.56 0.255101
31.57 0.25646
31.58 0.25758
31.59 0.256932
31.6 0.255952
31.61 0.256049
31.62 0.256243
31.63 0.257347
31.64 0.256102
31.65 0.256783
31.66 0.255172
31.67 0.254396
31.68 0.255084
31.69 0.253363
31.7 0.253906
31.71 0.255212
31.72 0.255999
31.73 0.255375
31.74 0.256188
31.75 0.253991
31.76 0.253698
31.77 0.252589
31.78 -0.0289346
31.79 0.243566
31.8 0.247766
31.81 0.248884
31.82 0.249072
31.83 0.250894
31.84 0.250682
31.85 0.251837
31.86 0.253567
31.87 0.251479
31.88 0.251461
31.89 0.252333
31.9 0.252884
31.91 0.248486
31.92 0.250139
31.93 0.250275
31.94 0.250342
31.95 0.251167
31.96 0.25381
31.97 0.254491
31.98 0.253572
31.99 0.252017
32 0.252936
32.01 0.254767
32.02 0.254737
32.03 0.25417
32.04 0.254775
32.05 0.256671
32.06 0.254993
32.07 0.255056
32.08 0.253644
32.09 0.251076
32.1 0.25401
32.11 0.254935
32.12 0.253857
32.13 0.25534
32.14 0.252931
32.15 0.25454
32.16 0.254344
32.17 0.255334
32.18 0.253681
32.19 0.255827
32.2 0.254716
32.21 0.253761
32.22 0.25259
32.23 0.251921
32.24 0.252254
32.25 0.251089
32.26 0.251409
32.27 0.25291
32.28 0.250957
32.29 0.249059
32.3 0.249597
32.31 0.247953
32.32 0.244668
32.33 0.2443
32.34 0.241736
32.35 0.23854
32.36 0.227396
32.37 -0.0655657
32.38 -0.554239
32.39 -0.110885
32.4 -0.0518508
32.41 -0.0198381
32.42 -0.00133375
32.43 -0.0781038
32.44 -0.0290221
32.45 -0.0301655
32.46 0.0279432
32.47 0.0449154
32.48 0.0539823
32.49 0.178387
32.5 0.201985
32.51 0.214801
32.52 0.21693
32.53 0.225116
32.54 0.226462
32.55 0.228475
32.56 0.230455
32.57 0.232739
32.58 0.234959
32.59 0.230106
32.6 0.233189
32.61 0.23492
32.62 0.23867
32.63 0.240697
32.64 0.242266
32.65 0.240114
32.66 0.243696
32.67 0.244935
32.68 0.24421
32.69 0.244495
32.7 0.246797
32.71 0.24595
32.72 0.244775
32.73 0.243621
32.74 0.245403
32.75 0.246181
32.76 0.248733
32.77 0.247712
32.78 0.250279
32.79 0.248548
32.8 0.250903
32.81 0.251417
32.82 0.249088
32.83 0.249056
32.84 0.250154
32.85 0.251886
32.86 0.25151
32.87 0.251859
32.88 0.252611
32.89 0.248547
32.9 0.247888
32.91 0.250966
32.92 0.250851
32.93 0.250019
32.94 0.251759
32.95 0.252589
32.96 0.251568
32.97 0.252252
32.98 0.251566
32.99 0.252007
33 0.248475
33.01 0.248226
33.02 0.247855
33.03 0.2386
33.04 0.23575
33.05 0.241671
33.06 0.245229
33.07 0.241149
33.08 0.244418
33.09 0.247343
33.1 0.250131
33.11 0.249262
33.12 0.251066
33.13 0.25077
33.14 0.252756
33.15 0.250903
33.16 0.248231
33.17 0.250596
33.18 0.249795
33.19 0.253845
33.2 0.252099
33.21 0.255286
33.22 0.255434
33.23 0.254488
33.24 0.255174
33.25 0.256044
33.26 0.256331
33.27 0.255703
33.28 0.255666
33.29 0.256057
33.3 0.259039
33.31 0.258001
33.32 0.25836
33.33 0.256696
33.34 0.258917
33.35 0.257985
33.36 0.255976
33.37 0.255401
33.38 0.25689
33.39 0.257793
33.4 0.256936
33.41 0.258309
33.42 0.25886
33.43 0.259625
33.44 0.259936
33.45 0.259865
33.46 0.25956
33.47 0.260647
33.48 0.25867
33.49 0.261378
33.5 0.259985
33.51 0.261538
33.52 0.261899
33.53 0.262501
33.54 0.261922
33.55 0.262082
33.56 0.260771
33.57 0.261385
33.58 0.260704
33.59 0.263654
33.6 0.262786
33.61 0.261754
33.62 0.263032
33.63 0.263923
33.64 0.264246
33.65 0.263125
33.66 0.263555
33.67 0.264279
33.68 0.263679
33.69 0.264186
33.7 0.263133
33.71 0.261478
33.72 0.257685
33.73 0.26005
33.74 0.260341
33.75 0.2623
33.76 0.261369
33.77 0.259968
33.78 0.262083
33.79 0.264003
33.8 0.264086
33.81 0.263437
33.82 0.264398
33.83 0.26581
33.84 0.265741
33.85 0.265436
33.86 0.264722
33.87 0.265795
33.88 0.265173
33.89 0.266502
33.9 0.266726
33.91 0.266125
33.92 0.266948
33.93 0.266135
33.94 0.267209
33.95 0.266809
33.96 0.266345
33.97 0.266863
33.98 0.267148
33.99 0.267975
34 0.268211
34.01 0.26734
34.02 0.266943
34.03 0.265533
34.04 0.266972
34.05 0.265427
34.06 0.265454
34.07 0.26611
34.08 0.264337
34.09 0.266739
34.1 0.265974
34.11 0.267101
34.12 0.26703
34.13 0.267095
34.14 0.266039
34.15 0.266651
34.16 0.264655
34.17 0.266348
34.18 0.265936
34.19 0.265986
34.2 0.265028
34.21 0.26518
34.22 0.264463
34.23 0.262196
34.24 -0.259338
34.25 0.237501
34.26 0.252126
34.27 0.254416
34.28 0.260322
34.29 0.258838
34.3 0.260945
34.31 0.26138
34.32 0.261545
34.33 0.258699
34.34 0.260187
34.35 0.26278
34.36 0.263234
34.37 0.264998
34.38 0.264317
34.39 0.263877
34.4 0.265222
34.41 0.264686
34.42 0.266289
34.43 0.26597
34.44 0.262593
34.45 0.260803
34.46 0.261538
34.47 0.265438
34.48 0.262916
34.49 0.266574
34.5 0.266165
34.51 0.266045
34.52 0.268197
34.53 0.268002
34.54 0.266756
34.55 0.268447
34.56 0.267455
34.57 0.267583
34.58 0.268908
34.59 0.267176
34.6 0.269465
34.61 0.269023
34.62 0.269017
34.63 0.270525
34.64 0.267242
34.65 0.268663
34.66 0.270194
34.67 0.269911
34.68 0.270535
34.69 0.270769
34.7 0.271205
34.71 0.270409
34.72 0.270314
34.73 0.269765
34.74 0.269365
34.75 0.270095
34.76 0.270037
34.77 0.269929
34.78 0.26792
34.79 0.262788
34.8 0.267847
34.81 0.267489
34.82 0.26795
34.83 0.268371
34.84 0.267648
34.85 0.268536
34.86 0.269235
34.87 0.269763
34.88 0.270201
34.89 0.271818
34.9 0.271515
34.91 0.270979
34.92 0.27182
34.93 0.272334
34.94 0.27186
34.95 0.270052
34.96 0.269146
34.97 0.270253
34.98 0.271939
34.99 0.272311
35 0.272452
35.01 0.271045
35.02 0.272261
35.03 0.273057
35.04 0.272998
35.05 0.273006
35.06 0.272227
35.07 0.27093
35.08 0.273916
35.09 0.273578
35.1 0.273434
35.11 0.27348
35.12 0.274518
35.13 0.273051
35.14 0.272995
35.15 -0.00522208
35.16 0.271716
35.17 0.2732
35.18 0.272262
35.19 0.272424
35.2 0.273934
35.21 0.27277
35.22 0.274409
35.23 0.273584
35.24 0.273607
35.25 0.274472
35.26 0.273805
35.27 0.27507
35.28 0.275594
35.29 0.275125
35.3 0.275992
35.31 0.274479
35.32 0.276127
35.33 0.273569
35.34 0.273985
35.35 0.273466
35.36 0.273186
35.37 0.275304
35.38 0.275568
35.39 0.276414
35.4 0.274436
35.41 0.274689
35.42 0.274395
35.43 0.274584
35.44 0.267951
35.45 0.26589
35.46 0.271032
35.47 0.269134
35.48 0.269685
35.49 0.272348
35.5 0.272362
35.51 0.271955
35.52 0.27328
35.53 0.272765
35.54 0.274195
35.55 0.272197
35.56 0.272278
35.57 0.272143
35.58 0.27434
35.59 0.275641
35.6 0.274571
35.61 0.275616
35.62 0.275435
35.63 0.27534
35.64 0.275213
35.65 0.275565
35.66 0.276556
35.67 0.277688
35.68 0.277343
35.69 0.275833
35.7 0.277467
35.71 0.276076
35.72 0.275359
35.73 0.276203
35.74 0.277581
35.75 0.276668
35.76 0.27711
35.77 0.277449
35.78 0.277268
35.79 0.27669
35.8 0.277173
35.81 0.278095
35.82 0.277722
35.83 0.277891
35.84 0.276758
35.85 0.278632
35.86 0.277951
35.87 0.278635
35.88 0.278143
35.89 0.27669
35.9 0.278028
35.91 0.278556
35.92 0.279286
35.93 0.278463
35.94 0.280059
35.95 0.278445
35.96 0.279289
35.97 0.278013
35.98 0.279262
35.99 0.278835
36 0.278998
36.01 0.278383
36.02 0.277176
36.03 0.270708
36.04 0.275852
36.05 0.275747
36.06 0.277019
36.07 0.279004
36.08 0.27814
36.09 0.27557
36.1 0.278347
36.11 0.278324
36.12 0.278911
36.13 0.279896
36.14 0.279439
36.15 0.278776
36.16 0.279003
36.17 0.278752
36.18 0.279498
36.19 0.279805
36.2 0.276534
36.21 0.277917
36.22 0.277616
36.23 0.278954
36.24 0.279314
36.25 0.278419
36.26 0.277909
36.27 0.278534
36.28 0.279033
36.29 0.278471
36.3 0.277876
36.31 0.277398
36.32 0.277922
36.33 0.278889
36.34 0.277688
36.35 0.276436
36.36 0.276741
36.37 0.275883
36.38 0.274268
36.39 0.271711
36.4 -0.0695029
36.41 -0.00352857
36.42 0.0365748
36.43 0.251501
36.44 0.26207
36.45 0.26272
36.46 0.266827
36.47 0.26895
36.48 0.269102
36.49 0.27119
36.5 0.270409
36.51 0.270589
36.52 0.272888
36.53 0.273102
36.54 0.271767
36.55 0.273455
36.56 0.272112
36.57 0.274633
36.58 0.276641
36.59 0.275394
36.6 0.275151
36.61 0.274787
36.62 0.272961
36.63 0.275013
36.64 0.27657
36.65 0.277736
36.66 0.27742
36.67 0.277238
36.68 0.277899
36.69 0.27819
36.7 0.278576
36.71 0.275889
36.72 0.277371
36.73 0.279155
36.74 0.278481
36.75 0.276886
36.76 0.276178
36.77 0.27435
36.78 0.275319
36.79 0.276734
36.8 0.27659
36.81 0.277557
36.82 0.278792
36.83 0.27825
36.84 0.27977
36.85 0.28119
36.86 0.28036
36.87 0.278795
36.88 0.280636
36.89 0.280778
36.9 0.280829
36.91 0.280426
36.92 0.282037
36.93 0.280795
36.94 0.280069
36.95 0.281937
36.96 0.281888
36.97 0.28166
36.98 0.281213
36.99 0.282535
37 0.282135
37.01 0.282917
37.02 0.282671
37.03 0.283623
37.04 0.28193
37.05 0.279991
37.06 0.282061
37.07 0.282645
37.08 0.282873
37.09 0.283223
37.1 0.282974
37.11 0.283333
37.12 0.284262
37.13 0.284617
37.14 0.284233
37.15 0.284129
37.16 0.284963
37.17 0.284262
37.18 0.284103
37.19 0.283117
37.2 0.284524
37.21 0.283581
37.22 0.284257
37.23 0.285285
37.24 0.284678
37.25 0.283033
37.26 0.283791
37.27 0.0136566
37.28 0.281534
37.29 0.281518
37.3 0.281842
37.31 0.282116
37.32 0.281841
37.33 0.282511
37.34 0.282417
37.35 0.283932
37.36 0.283456
37.37 0.283821
37.38 0.282965
37.39 0.284284
37.4 0.284647
37.41 0.283979
37.42 0.285631
37.43 0.285637
37.44 0.285797
37.45 0.285182
37.46 0.28602
37.47 0.285992
37.48 0.285166
37.49 0.285391
37.5 0.285677
37.51 0.283795
37.52 0.285574
37.53 0.286079
37.54 0.285532
37.55 0.285306
37.56 0.284176
37.57 0.286754
37.58 0.284408
37.59 0.285604
37.6 0.285382
37.61 0.287008
37.62 0.285844
37.63 0.286069
37.64 0.287022
37.65 0.286129
37.66 0.287613
37.67 0.28785
37.68 0.286085
37.69 0.28778
37.7 0.286845
37.71 0.288149
37.72 0.288013
37.73 0.288311
37.74 0.285876
37.75 0.288491
37.76 0.287418
37.77 0.287539
37.78 0.286707
37.79 0.281074
37.8 0.285569
37.81 0.287454
37.82 0.287669
37.83 0.286839
37.84 0.287668
37.85 0.286889
37.86 0.288716
37.87 0.287844
37.88 0.288996
37.89 0.288238
37.9 0.289035
37.91 0.287792
37.92 0.289016
37.93 0.288663
37.94 0.290076
37.95 0.289915
37.96 0.289024
37.97 0.290031
37.98 0.289665
37.99 0.289443
38 0.289328
38.01 0.290298
38.02 0.290189
38.03 0.290393
38.04 0.289777
38.05 0.288124
38.06 0.289824
38.07 0.290161
38.08 0.289943
38.09 0.290652
38.1 0.288674
38.11 0.289857
38.12 0.290187
38.13 0.289482
38.14 0.289511
38.15 0.290178
38.16 0.288727
38.17 0.287677
38.18 0.289263
38.19 0.289804
38.2 0.288681
38.21 0.287012
38.22 0.286778
38.23 0.281486
38.24 0.275163
38.25 0.283474
38.26 0.282528
38.27 0.284331
38.28 0.283858
38.29 0.286384
38.3 0.284117
38.31 0.286886
38.32 0.286025
38.33 0.287575
38.34 0.288396
38.35 0.288542
38.36 0.287368
38.37 0.288537
38.38 0.287983
38.39 0.288286
38.4 0.289152
38.41 0.2887
38.42 0.286734
38.43 0.288112
38.44 0.289625
38.45 0.288676
38.46 0.289928
38.47 0.289719
38.48 0.289956
38.49 0.289343
38.5 0.289973
38.51 0.290031
38.52 0.290259
38.53 0.290709
38.54 0.291224
38.55 0.290514
38.56 0.291204
38.57 0.289615
38.58 0.291219
38.59 0.291001
38.6 0.292897
38.61 0.29249
38.62 0.292206
38.63 0.292842
38.64 0.29197
38.65 0.292575
38.66 0.291499
38.67 0.29007
38.68 0.288299
38.69 0.289191
38.7 0.289644
38.71 0.28996
38.72 0.290923
38.73 0.291921
38.74 0.290651
38.75 0.291349
38.76 0.291035
38.77 0.292535
38.78 0.290943
38.79 0.292279
38.8 0.292412
38.81 0.292598
38.82 0.291417
38.83 0.291224
38.84 0.291626
38.85 0.292432
38.86 0.291842
38.87 0.291315
38.88 0.292671
38.89 0.292587
38.9 0.29204
38.91 0.29032
38.92 0.292558
38.93 0.293028
38.94 0.293006
38.95 0.292861
38.96 0.291307
38.97 0.292588
38.98 0.292189
38.99 0.292258
39 0.290542
39.01 0.290588
39.02 0.289575
39.03 0.29171
39.04 0.291889
39.05 0.292903
39.06 0.291646
39.07 0.291829
39.08 0.292757
39.09 0.291427
39.1 0.29184
39.11 0.292044
39.12 0.291706
39.13 0.291231
39.14 0.292269
39.15 0.292398
39.16 0.292304
39.17 0.293012
39.18 0.292938
39.19 0.291933
39.2 0.288486
39.21 0.290836
39.22 0.290169
39.23 0.290426
39.24 0.29077
39.25 0.291367
39.26 0.291532
39.27 0.290683
39.28 0.290107
39.29 0.28909
39.3 0.291207
39.31 0.289372
39.32 0.290913
39.33 0.28935
39.34 0.289547
39.35 0.288638
39.36 0.290242
39.37 0.288322
39.38 0.286436
39.39 0.287293
39.4 0.285754
39.41 0.28453
39.42 0.28415
39.43 0.283755
39.44 0.28395
39.45 0.277948
39.46 0.276137
39.47 0.270029
39.48 0.249794
39.49 -0.0808654
39.5 -0.21317
39.51 -0.357693
39.52 -0.173174
39.53 -0.109302
39.54 -0.0716761
39.55 -0.0444855
39.56 -0.0239775
39.57 -0.00742506
39.58 -0.0147787
39.59 -0.0673148
39.6 -0.139419
39.61 -0.0365638
39.62 0.000553881
39.63 -0.00286329
39.64 0.0263695
39.65 0.0450428
39.66 0.0534437
39.67 0.0540317
39.68 0.0707487
39.69 0.181403
39.7 0.227228
39.71 0.241191
39.72 0.248877
39.73 0.250814
39.74 0.260452
39.75 0.261372
39.76 0.263769
39.77 0.267101
39.78 0.268104
39.79 0.267965
39.8 0.26973
39.81 0.275423
39.82 0.274541
39.83 0.27432
39.84 0.272896
39.85 0.274031
39.86 0.276474
39.87 0.278782
39.88 0.277948
39.89 0.278326
39.9 0.277198
39.91 0.277324
39.92 0.277637
39.93 0.280484
39.94 0.281392
39.95 0.281952
39.96 0.279907
39.97 0.282988
39.98 0.283811
39.99 0.283618
40 0.283527
40.01 0.281168
40.02 0.285181
40.03 0.284861
40.04 0.286747
40.05 0.285356
40.06 0.285515
40.07 0.286707
40.08 0.287032
40.09 0.281006
40.1 0.283025
40.11 0.286193
40.12 0.287473
40.13 0.28661
40.14 0.287631
40.15 0.288335
40.16 0.288638
40.17 0.287125
40.18 0.28697
40.19 0.287208
40.2 0.288726
40.21 0.289555
40.22 0.28963
40.23 0.290746
40.24 0.289986
40.25 0.289708
40.26 0.289069
40.27 0.289463
40.28 0.291331
40.29 0.29052
40.3 0.290605
40.31 0.292014
40.32 0.291536
40.33 0.291006
40.34 0.29343
40.35 0.292946
40.36 0.291893
40.37 0.291085
40.38 0.28934
40.39 0.289026
40.4 0.29156
40.41 0.292815
40.42 0.292
40.43 0.291653
40.44 0.291842
40.45 0.293493
40.46 0.293236
40.47 0.29359
40.48 0.292394
40.49 0.293048
40.5 0.294112
40.51 0.293894
40.52 0.293227
40.53 0.295861
40.54 0.294221
40.55 0.294278
40.56 0.296576
40.57 0.295539
40.58 0.295089
40.59 0.294262
40.6 0.294998
40.61 0.295833
40.62 0.295993
40.63 0.295905
40.64 0.2974
40.65 0.295237
40.66 0.297193
40.67 0.29551
40.68 0.295829
40.69 0.29708
40.7 0.295946
40.71 0.297566
40.72 0.293648
40.73 0.295617
40.74 0.29466
40.75 0.29408
40.76 -0.0252062
40.77 0.288654
40.78 0.292589
40.79 0.291313
40.8 0.292364
40.81 0.292439
40.82 0.292416
40.83 0.29452
40.84 0.29482
40.85 0.294497
40.86 0.294755
40.87 0.296408
40.88 0.296405
40.89 0.295151
40.9 0.297288
40.91 0.298367
40.92 0.296483
40.93 0.297279
40.94 0.297312
40.95 0.298791
40.96 0.29733
40.97 0.29838
40.98 0.2976
40.99 0.297434
41 0.299391
41.01 0.29885
41.02 0.299445
41.03 0.297226
41.04 0.298345
41.05 0.298735
41.06 0.299932
41.07 0.300193
41.08 0.299055
41.09 0.299785
41.1 0.300107
41.11 0.300063
41.12 0.00405174
41.13 0.298557
41.14 0.298609
41.15 0.299808
41.16 0.300697
41.17 0.300293
41.18 0.300311
41.19 0.300456
41.2 0.29945
41.21 0.300799
41.22 0.299475
41.23 0.301057
41.24 0.300992
41.25 0.299887
41.26 0.300856
41.27 0.300928
41.28 0.300387
41.29 0.301791
41.3 0.30025
41.31 0.301256
41.32 0.301891
41.33 0.301967
41.34 0.300856
41.35 0.300564
41.36 0.300866
41.37 0.301097
41.38 0.301809
41.39 0.302549
41.4 0.302787
41.41 0.302899
41.42 0.303508
41.43 0.30311
41.44 0.303153
41.45 0.304165
41.46 0.302546
41.47 0.303677
41.48 0.304235
41.49 0.301699
41.5 0.302554
41.51 0.301965
41.52 0.300989
41.53 0.300893
41.54 0.300579
41.55 0.301862
41.56 0.303023
41.57 0.303145
41.58 0.303626
41.59 0.302534
41.6 0.304327
41.61 0.303527
41.62 0.303164
41.63 0.305353
41.64 0.303993
41.65 0.304589
41.66 0.304311
41.67 0.304497
41.68 0.302646
41.69 0.305095
41.7 0.304259
41.71 0.304484
41.72 0.305695
41.73 0.30563
41.74 0.305636
41.75 0.30546
41.76 0.306294
41.77 0.305632
41.78 0.305826
41.79 0.305799
41.8 0.307349
41.81 0.306954
41.82 0.306131
41.83 0.306534
41.84 0.305555
41.85 0.30401
41.86 0.305584
41.87 0.305566
41.88 0.306693
41.89 0.306555
41.9 0.306571
41.91 0.306992
41.92 0.306769
41.93 0.306723
41.94 0.307011
41.95 0.306879
41.96 0.307924
41.97 0.306861
41.98 0.306321
41.99 0.30708
42 0.3075
42.01 0.308176
42.02 0.308483
42.03 0.307969
42.04 0.0511867
42.05 0.306276
42.06 0.306369
42.07 0.30602
42.08 0.306742
42.09 0.306706
42.1 0.306041
42.11 0.305964
42.12 0.304139
42.13 0.303669
42.14 0.290256
42.15 0.274403
42.16 0.297843
42.17 0.299991
42.18 0.301262
42.19 0.302427
42.2 0.302761
42.21 0.303276
42.22 0.303486
42.23 0.303838
42.24 0.303113
42.25 0.302703
42.26 0.303977
42.27 0.305203
42.28 0.304218
42.29 0.304318
42.3 0.305314
42.31 0.304905
42.32 0.305458
42.33 0.306864
42.34 0.306265
42.35 0.307318
42.36 0.305774
42.37 0.306833
42.38 0.307807
42.39 0.306822
42.4 0.307751
42.41 0.307698
42.42 0.307105
42.43 0.307619
42.44 0.304276
42.45 0.306135
42.46 0.307986
42.47 0.307689
42.48 0.306886
42.49 0.307848
42.5 0.307693
42.51 0.308793
42.52 0.30851
42.53 0.308868
42.54 0.308889
42.55 0.30813
42.56 0.308705
42.57 0.309773
42.58 0.309131
42.59 0.308923
42.6 0.309723
42.61 0.309636
42.62 0.30871
42.63 0.308575
42.64 0.309845
42.65 0.3104
42.66 0.310674
42.67 0.310239
42.68 0.309911
42.69 0.309724
42.7 0.311247
42.71 0.309939
42.72 0.310578
42.73 0.311117
42.74 0.311019
42.75 0.3103
42.76 0.310304
42.77 0.310794
42.78 0.308584
42.79 0.304343
42.8 0.30772
42.81 0.308587
42.82 0.307866
42.83 0.310253
42.84 0.310335
42.85 0.31038
42.86 0.310301
42.87 0.310517
42.88 0.310258
42.89 0.311102
42.9 0.310359
42.91 0.310783
42.92 0.310528
42.93 0.310784
42.94 0.311485
42.95 0.311324
42.96 0.31124
42.97 0.310099
42.98 0.311034
42.99 0.311342
43 0.310691
43.01 0.311188
43.02 0.309819
43.03 0.311679
43.04 0.311419
43.05 0.310615
43.06 0.31154
43.07 0.310799
43.08 0.310682
43.09 0.311701
43.1 0.312531
43.11 0.312122
43.12 0.312058
43.13 0.311797
43.14 0.311566
43.15 0.311649
43.16 0.31162
43.17 0.310948
43.18 0.310562
43.19 0.311436
43.2 0.311184
43.21 0.312435
43.22 0.31355
43.23 0.313327
43.24 0.313153
43.25 0.312585
43.26 0.312225
43.27 0.312815
43.28 0.312964
43.29 0.313646
43.3 0.313245
43.31 0.31385
43.32 0.313842
43.33 0.314229
43.34 0.313506
43.35 0.312684
43.36 0.313634
43.37 0.314851
43.38 0.314133
43.39 0.313699
43.4 0.313811
43.41 0.314031
43.42 0.313884
43.43 0.313223
43.44 0.314391
43.45 0.314436
43.46 0.314293
43.47 0.313603
43.48 0.313251
43.49 0.307993
43.5 0.310355
43.51 0.310028
43.52 0.311225
43.53 0.312619
43.54 0.313821
43.55 0.313214
43.56 0.314697
43.57 0.313626
43.58 0.314961
43.59 0.313565
43.6 0.314521
43.61 0.316035
43.62 0.314071
43.63 0.314158
43.64 0.314496
43.65 0.315706
43.66 0.315226
43.67 0.315147
43.68 0.315513
43.69 0.315965
43.7 0.31573
43.71 0.316585
43.72 0.31596
43.73 0.315395
43.74 0.316706
43.75 0.315953
43.76 0.315598
43.77 0.315039
43.78 0.315353
43.79 0.316427
43.8 0.316509
43.81 0.316654
43.82 0.316992
43.83 0.315986
43.84 0.315909
43.85 0.316167
43.86 0.317067
43.87 0.317899
43.88 0.317032
43.89 0.316927
43.9 0.317754
43.91 0.317741
43.92 0.318149
43.93 0.318126
43.94 0.317135
43.95 0.318373
43.96 0.317738
43.97 0.317949
43.98 0.318784
43.99 0.318213
44 0.318921
44.01 0.317937
44.02 0.318425
44.03 0.31797
44.04 0.317644
44.05 0.316333
44.06 0.317249
44.07 0.317211
44.08 0.318259
44.09 0.319309
44.1 0.318407
44.11 0.318376
44.12 0.318775
44.13 0.318745
44.14 0.31916
44.15 0.319195
44.16 0.320455
44.17 0.318914
44.18 0.319482
44.19 0.319796
44.2 0.319502
44.21 0.320404
44.22 0.32019
44.23 0.320325
44.24 0.32036
44.25 0.320815
44.26 0.320401
44.27 0.320652
44.28 0.320084
44.29 0.320656
44.3 0.318467
44.31 0.319164
44.32 0.320756
44.33 0.320698
44.34 0.320146
44.35 0.320193
44.36 0.320237
44.37 0.319952
44.38 0.320882
44.39 0.320511
44.4 0.32093
44.41 0.320647
44.42 0.319748
44.43 0.320208
44.44 0.321208
44.45 0.32024
44.46 0.319505
44.47 0.318827
44.48 0.318728
44.49 0.314756
44.5 -0.0124419
44.51 0.248256
44.52 0.307953
44.53 0.311313
44.54 0.312748
44.55 0.314874
44.56 0.315825
44.57 0.316732
44.58 0.317298
44.59 0.316459
44.6 0.317504
44.61 0.318322
44.62 0.319527
44.63 0.316938
44.64 0.319102
44.65 0.320681
44.66 0.319004
44.67 0.320781
44.68 0.320117
44.69 0.318342
44.7 0.32004
44.71 0.320208
44.72 0.321809
44.73 0.32098
44.74 0.32221
44.75 0.321673
44.76 0.32185
44.77 0.32067
44.78 0.322825
44.79 0.321688
44.8 0.322707
44.81 0.32165
44.82 0.323196
44.83 0.322606
44.84 0.323017
44.85 0.322645
44.86 0.323215
44.87 0.323596
44.88 0.323385
44.89 0.323207
44.9 0.322441
44.91 0.322675
44.92 0.323215
44.93 0.324347
44.94 0.323425
44.95 0.323414
44.96 0.324776
44.97 0.324272
44.98 0.324956
44.99 0.325213
45 0.324433
45.01 0.324124
45.02 0.324721
45.03 0.324693
45.04 0.324275
45.05 0.324781
45.06 0.325262
45.07 0.325458
45.08 0.325564
45.09 0.325705
45.1 0.325947
45.11 0.323649
45.12 0.325793
45.13 0.326401
45.14 0.326108
45.15 0.326626
45.16 0.326162
45.17 0.326437
45.18 0.32629
45.19 0.326476
45.2 0.326673
45.21 0.326807
45.22 0.327652
45.23 0.327322
45.24 0.327471
45.25 0.3275
45.26 0.327603
45.27 0.328119
45.28 0.32625
45.29 0.323805
45.3 0.325467
45.31 0.326267
45.32 0.326151
45.33 0.326374
45.34 0.327848
45.35 0.327371
45.36 0.327489
45.37 0.327683
45.38 0.328912
45.39 0.329152
45.4 0.328742
45.41 0.328093
45.42 0.32794
45.43 0.328929
45.44 0.328612
45.45 0.32851
45.46 0.329145
45.47 0.327354
45.48 0.329301
45.49 0.328823
45.5 0.328219
45.51 0.329535
45.52 0.328975
45.53 0.328851
45.54 0.328105
45.55 0.328823
45.56 0.329692
45.57 0.328378
45.58 0.328694
45.59 0.328855
45.6 0.329688
45.61 0.330091
45.62 0.329739
45.63 0.330472
45.64 0.330212
45.65 0.330396
45.66 0.329829
45.67 0.329146
45.68 0.330933
45.69 0.330472
45.7 0.331224
45.71 0.331691
45.72 0.330586
45.73 0.33098
45.74 0.33094
45.75 0.331879
45.76 0.331756
45.77 0.33161
45.78 0.33111
45.79 0.332349
45.8 0.33162
45.81 0.332113
45.82 0.331329
45.83 0.332424
45.84 0.332978
45.85 0.332451
45.86 0.332921
45.87 0.333274
45.88 0.333665
45.89 0.332635
45.9 0.332911
45.91 0.333506
45.92 0.332668
45.93 0.334189
45.94 0.333375
45.95 -0.0162022
45.96 0.331055
45.97 0.331963
45.98 0.333206
45.99 0.332999
46 0.334218
46.01 0.333819
46.02 0.334115
46.03 0.33513
46.04 0.333972
46.05 0.335006
46.06 0.33491
46.07 0.335023
46.08 0.335695
46.09 0.335099
46.1 0.335668
46.11 0.335482
46.12 0.336556
46.13 0.335439
46.14 0.33642
46.15 0.336714
46.16 0.337037
46.17 0.336563
46.18 0.336474
46.19 0.337823
46.2 0.336774
46.21 0.337789
46.22 0.337975
46.23 0.33702
46.24 0.337244
46.25 0.337899
46.26 0.338009
46.27 0.337091
46.28 0.33887
46.29 0.338909
46.3 0.338857
46.31 0.338888
46.32 0.339162
46.33 0.339467
46.34 0.339612
46.35 0.339527
46.36 0.339974
46.37 0.33974
46.38 0.340096
46.39 0.341412
46.4 0.3415
46.41 0.34163
46.42 0.341621
46.43 0.342237
46.44 0.342596
46.45 0.342952
46.46 0.343016
46.47 0.343808
46.48 0.344529
46.49 0.345538
46.5 0.346328
46.51 0.346237
46.52 0.346477
46.53 0.346391
46.54 0.345569
46.55 0.3464
46.56 0.346069
46.57 0.345895
46.58 0.346367
46.59 0.346323
46.6 0.345904
46.61 0.346362
46.62 0.346095
46.63 0.345608
46.64 0.345832
46.65 0.345443
46.66 0.34554
46.67 0.346234
46.68 0.346133
46.69 0.345988
46.7 0.346791
46.71 0.346516
46.72 0.346559
46.73 0.345856
46.74 0.346127
46.75 0.346444
46.76 0.346346
46.77 0.346406
46.78 0.345981
46.79 0.346186
46.8 0.346915
46.81 0.346536
46.82 0.345951
46.83 0.346357
46.84 0.346846
46.85 0.345939
46.86 0.346437
46.87 0.345181
46.88 0.345436
46.89 0.346236
46.9 0.346571
46.91 0.346179
46.92 0.347289
46.93 0.346637
46.94 0.345712
46.95 0.346842
46.96 0.34592
46.97 0.345121
46.98 0.345586
46.99 0.345561
47 0.345415
47.01 0.34661
47.02 0.345616
47.03 0.346047
47.04 0.3467
47.05 0.34614
47.06 0.346098
47.07 0.345232
47.08 0.346216
47.09 0.34518
47.1 0.345938
47.11 0.346305
47.12 0.346446
47.13 0.344734
47.14 0.346288
47.15 0.346144
47.16 0.346262
47.17 0.346479
47.18 0.34609
47.19 0.346038
47.2 0.346021
47.21 0.346116
47.22 0.346417
47.23 0.345688
47.24 0.346542
47.25 0.345971
47.26 0.345575
47.27 0.347035
47.28 0.345907
47.29 0.345872
47.3 0.347138
47.31 0.346783
47.32 0.345958
47.33 0.345943
47.34 0.34707
47.35 0.346698
47.36 0.346681
47.37 0.347271
47.38 0.346597
47.39 0.34695
47.4 0.347065
47.41 0.347363
47.42 0.347047
47.43 0.346926
47.44 0.346906
47.45 0.346506
47.46 0.347323
47.47 0.346299
47.48 0.347178
47.49 0.347159
47.5 0.346947
47.51 0.348649
47.52 0.348196
47.53 0.347793
47.54 0.346657
47.55 0.346386
47.56 -0.00901797
47.57 0.341136
47.58 0.343172
47.59 0.344729
47.6 0.345484
47.61 0.346691
47.62 0.346887
47.63 0.345707
47.64 0.346028
47.65 0.345456
47.66 0.34633
47.67 0.34737
47.68 0.346031
47.69 0.347077
47.7 0.347411
47.71 0.346031
47.72 0.346415
47.73 0.347522
47.74 0.346738
47.75 0.346269
47.76 0.346242
47.77 0.346959
47.78 0.346132
47.79 0.347532
47.8 0.346645
47.81 0.346327
47.82 0.346824
47.83 0.346392
47.84 0.346492
47.85 0.347353
47.86 0.346971
47.87 0.346968
47.88 0.346812
47.89 0.347844
47.9 0.346741
47.91 0.347559
47.92 0.346656
47.93 0.346905
47.94 0.346184
47.95 0.34632
47.96 0.346811
47.97 0.345501
47.98 0.345219
47.99 0.346572
48 0.346878
48.01 0.346042
48.02 0.346567
48.03 0.345564
48.04 0.345745
48.05 0.346213
48.06 0.347297
48.07 0.347241
48.08 0.348063
48.09 0.346715
48.1 0.347692
48.11 0.347849
48.12 0.346902
48.13 0.344665
48.14 0.344446
48.15 0.347052
48.16 0.347252
48.17 0.345807
48.18 0.346643
48.19 0.347033
48.2 0.345773
48.21 0.34633
48.22 0.345671
48.23 0.347219
48.24 0.346527
48.25 0.347054
48.26 0.345896
48.27 0.346179
48.28 0.346634
48.29 0.345908
48.3 0.346961
48.31 0.346564
48.32 0.346275
48.33 0.346905
48.34 0.345437
48.35 0.346035
48.36 0.346148
48.37 0.345978
48.38 0.345999
48.39 0.344783
48.4 0.344936
48.41 0.345403
48.42 0.346721
48.43 0.345339
48.44 0.345693
48.45 0.345474
48.46 0.346437
48.47 0.344366
48.48 0.345748
48.49 0.345541
48.5 0.346735
48.51 0.34543
48.52 0.346464
48.53 0.342364
48.54 0.34584
48.55 0.346094
48.56 0.346048
48.57 0.346355
48.58 0.346051
48.59 0.344184
48.6 0.345828
48.61 0.34705
48.62 0.346123
48.63 0.34624
48.64 0.34668
48.65 0.346266
48.66 0.347108
48.67 0.344826
48.68 0.345598
48.69 0.345777
48.7 0.346295
48.71 0.346338
48.72 0.346011
48.73 0.34616
48.74 0.34688
48.75 0.346873
48.76 0.346262
48.77 0.347391
48.78 0.346649
48.79 0.347049
48.8 0.347136
48.81 0.346908
48.82 0.345043
48.83 0.346327
48.84 0.347295
48.85 0.346287
48.86 0.348335
48.87 0.347546
48.88 0.347187
48.89 0.346615
48.9 0.345127
48.91 0.32834
48.92 0.343298
48.93 0.342292
48.94 0.343171
48.95 0.345005
48.96 0.346469
48.97 0.346215
48.98 0.345567
48.99 0.346132
49 0.346475
49.01 0.346642
49.02 0.346803
49.03 0.347816
49.04 0.345935
49.05 0.347149
49.06 0.346857
49.07 0.347201
49.08 0.346878
49.09 0.347557
49.1 0.347081
49.11 0.347113
49.12 0.347373
49.13 0.346811
49.14 0.346558
49.15 0.34786
49.16 0.346166
49.17 0.34755
49.18 0.347062
49.19 0.346827
49.2 0.346414
49.21 0.34748
49.22 0.347257
49.23 0.346655
49.24 0.346692
49.25 0.347817
49.26 0.347805
49.27 0.347087
49.28 0.346358
49.29 0.345986
49.3 0.346639
49.31 0.346741
49.32 0.346979
49.33 0.346576
49.34 0.348547
49.35 0.347584
49.36 0.347401
49.37 0.346654
49.38 0.346772
49.39 0.347278
49.4 0.348085
49.41 0.347196
49.42 0.345193
49.43 0.347123
49.44 0.345769
49.45 0.345912
49.46 0.346495
49.47 0.346601
49.48 0.347854
49.49 0.34403
49.5 0.346434
49.51 0.345892
49.52 0.34682
49.53 0.347863
49.54 0.346723
49.55 0.347462
49.56 0.348294
49.57 0.346168
49.58 0.347907
49.59 0.347235
49.6 0.347595
49.61 0.346954
49.62 0.348003
49.63 0.347332
49.64 0.34679
49.65 0.347283
49.66 0.347904
49.67 0.347479
49.68 0.347665
49.69 0.346166
49.7 0.345006
49.71 0.346909
49.72 0.347194
49.73 0.347673
49.74 0.348265
49.75 0.346153
49.76 0.348456
49.77 0.347742
49.78 0.347182
49.79 0.348217
49.8 0.347601
49.81 0.347854
49.82 0.348535
49.83 0.348183
49.84 0.34767
49.85 0.348895
49.86 0.348024
49.87 0.348377
49.88 0.348416
49.89 0.348425
49.9 0.348313
49.91 0.347993
49.92 0.347192
49.93 0.347609
49.94 0.350479
49.95 0.347438
49.96 0.348168
49.97 0.347078
49.98 0.348726
49.99 0.349172
